100
41
0 783 706 528 115 985 207 528 905 775 138 328 171 50 496 318 637 662 258 512 934 822 256 526 95 870 920 199 593 274 444 950 408 150 478 522 134 36 401 39 810 
783 0 538 718 332 940 213 649 928 226 258 440 159 79 695 36 173 916 307 372 861 580 815 810 987 316 639 860 802 674 612 192 483 502 261 166 793 473 166 720 50 
706 538 0 424 159 560 502 205 596 27 121 902 750 981 834 916 142 172 232 781 384 385 806 995 576 641 848 836 806 640 660 972 360 709 747 870 620 248 427 215 626 
528 718 424 0 899 469 375 231 654 291 372 825 874 504 208 258 310 555 185 950 402 20 107 394 31 78 105 91 824 326 710 424 752 277 401 2 97 776 232 750 418 
115 332 159 899 0 956 574 291 459 134 900 120 688 84 421 441 455 528 186 837 605 290 927 781 968 988 556 71 264 956 73 360 731 304 109 500 611 35 790 422 168 
985 940 560 469 956 0 41 541 207 124 962 999 930 489 185 766 445 826 44 577 145 32 132 216 295 440 288 7 522 943 467 22 906 853 163 327 372 204 867 578 679 
207 213 502 375 574 41 0 180 929 961 20 465 726 465 642 770 393 787 801 525 2 447 964 641 805 837 935 624 858 192 476 21 518 848 224 737 777 254 916 705 214 
528 649 205 231 291 541 180 0 936 521 292 752 163 61 144 949 213 20 302 11 335 294 816 172 580 439 29 772 266 401 289 465 976 25 242 230 293 298 795 580 819 
905 928 596 654 459 207 929 936 0 86 683 333 498 178 281 710 198 934 721 884 227 888 407 806 326 788 929 943 188 218 408 516 594 1 745 238 298 891 817 468 977 
775 226 27 291 134 124 961 521 86 0 851 800 474 29 432 536 578 365 256 461 943 495 220 101 172 7 29 114 546 598 521 61 192 873 157 781 171 48 598 990 376 
138 258 121 372 900 962 20 292 683 851 0 448 790 849 828 573 736 405 938 343 218 232 837 437 332 8 795 713 122 340 310 994 401 853 867 557 634 389 956 583 378 
328 440 902 825 120 999 465 752 333 800 448 0 331 382 519 532 210 444 267 966 733 610 183 964 446 971 648 454 765 360 927 457 21 272 857 874 490 765 859 878 721 
171 159 750 874 688 930 726 163 498 474 790 331 0 441 608 51 174 478 582 383 921 201 349 653 810 883 617 607 854 616 412 970 975 690 426 347 962 634 572 451 399 
50 79 981 504 84 489 465 61 178 29 849 382 441 0 430 681 471 222 288 873 396 765 807 130 38 7 830 690 168 713 658 774 918 273 538 887 599 227 665 946 540 
496 695 834 208 421 185 642 144 281 432 828 519 608 430 0 298 517 991 48 299 671 870 872 310 743 619 426 549 749 463 907 930 153 74 642 162 199 911 435 736 150 
318 36 916 258 441 766 770 949 710 536 573 532 51 681 298 0 385 315 814 682 854 463 199 196 863 849 218 732 720 527 826 339 953 726 439 767 632 368 271 57 362 
637 173 142 310 455 445 393 213 198 578 736 210 174 471 517 385 0 433 608 272 219 695 421 603 361 234 285 215 49 835 410 911 35 980 994 754 506 820 92 810 545 
662 916 172 555 528 826 787 20 934 365 405 444 478 222 991 315 433 0 882 577 529 250 847 937 611 631 896 234 849 591 655 804 951 240 440 517 288 626 279 198 660 
258 307 232 185 186 44 801 302 721 256 938 267 582 288 48 814 608 882 0 258 544 413 763 363 857 925 259 738 853 139 339 51 76 301 682 323 535 882 913 189 685 
512 372 781 950 837 577 525 11 884 461 343 966 383 873 299 682 272 577 258 0 216 428 476 732 68 101 10 617 760 619 160 525 382 522 733 658 133 822 510 271 161 
934 861 384 402 605 145 2 335 227 943 218 733 921 396 671 854 219 529 544 216 0 560 698 813 241 21 347 123 285 887 159 500 315 987 584 734 87 945 350 199 564 
822 580 385 20 290 32 447 294 888 495 232 610 201 765 870 463 695 250 413 428 560 0 510 75 945 383 807 954 867 980 463 138 492 22 835 305 615 207 651 89 492 
256 815 806 107 927 132 964 816 407 220 837 183 349 807 872 199 421 847 763 476 698 510 0 538 599 991 204 585 926 289 24 871 638 222 434 499 648 730 234 806 683 
526 810 995 394 781 216 641 172 806 101 437 964 653 130 310 196 603 937 363 732 813 75 538 0 100 785 497 589 277 518 776 933 484 982 935 572 825 824 523 816 27 
95 987 576 31 968 295 805 580 326 172 332 446 810 38 743 863 361 611 857 68 241 945 599 100 0 107 93 667 130 963 657 703 396 155 702 477 740 507 159 192 644 
870 316 641 78 988 440 837 439 788 7 8 971 883 7 619 849 234 631 925 101 21 383 991 785 107 0 655 780 920 525 555 204 8 889 138 932 713 962 806 880 340 
920 639 848 105 556 288 935 29 929 29 795 648 617 830 426 218 285 896 259 10 347 807 204 497 93 655 0 912 973 7 394 935 663 448 683 169 502 159 909 8 318 
199 860 836 91 71 7 624 772 943 114 713 454 607 690 549 732 215 234 738 617 123 954 585 589 667 780 912 0 100 651 324 231 922 200 786 125 560 26 615 491 738 
593 802 806 824 264 522 858 266 188 546 122 765 854 168 749 720 49 849 853 760 285 867 926 277 130 920 973 100 0 576 296 618 915 559 590 921 304 876 935 104 558 
274 674 640 326 956 943 192 401 218 598 340 360 616 713 463 527 835 591 139 619 887 980 289 518 963 525 7 651 576 0 104 605 717 364 612 386 815 615 61 45 888 
444 612 660 710 73 467 476 289 408 521 310 927 412 658 907 826 410 655 339 160 159 463 24 776 657 555 394 324 296 104 0 261 830 13 820 207 979 662 945 554 309 
950 192 972 424 360 22 21 465 516 61 994 457 970 774 930 339 911 804 51 525 500 138 871 933 703 204 935 231 618 605 261 0 562 468 867 503 741 523 378 27 626 
408 483 360 752 731 906 518 976 594 192 401 21 975 918 153 953 35 951 76 382 315 492 638 484 396 8 663 922 915 717 830 562 0 288 130 230 4 845 193 741 659 
150 502 709 277 304 853 848 25 1 873 853 272 690 273 74 726 980 240 301 522 987 22 222 982 155 889 448 200 559 364 13 468 288 0 807 801 704 47 413 885 411 
478 261 747 401 109 163 224 242 745 157 867 857 426 538 642 439 994 440 682 733 584 835 434 935 702 138 683 786 590 612 820 867 130 807 0 232 92 389 245 36 942 
522 166 870 2 500 327 737 230 238 781 557 874 347 887 162 767 754 517 323 658 734 305 499 572 477 932 169 125 921 386 207 503 230 801 232 0 553 949 761 772 803 
134 793 620 97 611 372 777 293 298 171 634 490 962 599 199 632 506 288 535 133 87 615 648 825 740 713 502 560 304 815 979 741 4 704 92 553 0 853 294 180 880 
36 473 248 776 35 204 254 298 891 48 389 765 634 227 911 368 820 626 882 822 945 207 730 824 507 962 159 26 876 615 662 523 845 47 389 949 853 0 271 467 361 
401 166 427 232 790 867 916 795 817 598 956 859 572 665 435 271 92 279 913 510 350 651 234 523 159 806 909 615 935 61 945 378 193 413 245 761 294 271 0 500 822 
39 720 215 750 422 578 705 580 468 990 583 878 451 946 736 57 810 198 189 271 199 89 806 816 192 880 8 491 104 45 554 27 741 885 36 772 180 467 500 0 206 
810 50 626 418 168 679 214 819 977 376 378 721 399 540 150 362 545 660 685 161 564 492 683 27 644 340 318 738 558 888 309 626 659 411 942 803 880 361 822 206 0 
44
31 18 24 8
34 15 33 22
24 2 14 39
16 3 32 17
27 17 21 1
22 1 3 38
28 3 38 3
33 25 38 25
4 22 34 37
36 27 17 20
28 32 19 5
36 11 23 21
28 2 23 8
4 26 6 31
28 2 33 21
29 31 4 32
12 39 27 8
25 5 28 13
36 7 17 33
18 41 12 4
3 35 11 6
19 18 38 7
19 29 27 6
21 33 39 32
30 25 39 13
29 27 28 25
34 3 16 10
5 30 13 7
3 9 10 23
40 36 31 19
29 28 11 18
11 8 32 41
35 18 27 29
23 1 38 27
32 11 35 15
37 6 18 39
17 27 20 17
24 9 37 11
37 6 30 8
40 36 38 21
38 36 8 29
9 20 40 27
7 21 4 32
31 40 2 28
11
0 385 470 115 192 64 523 626 52 766 492 
385 0 341 370 743 808 419 695 826 587 177 
470 341 0 875 777 517 312 696 31 862 191 
115 370 875 0 92 572 432 753 308 253 219 
192 743 777 92 0 852 316 94 829 367 859 
64 808 517 572 852 0 672 59 580 766 867 
523 419 312 432 316 672 0 350 460 44 937 
626 695 696 753 94 59 350 0 637 270 713 
52 826 31 308 829 580 460 637 0 505 581 
766 587 862 253 367 766 44 270 505 0 760 
492 177 191 219 859 867 937 713 581 760 0 
35
7 3 1 11
9 11 7 2
11 10 11 1
3 5 7 3
3 9 7 4
1 7 5 3
7 1 5 7
3 1 4 8
2 4 7 8
3 11 10 3
9 7 1 9
1 7 4 1
11 8 4 7
6 8 2 8
7 5 2 8
7 9 2 9
6 11 9 2
5 8 10 5
2 10 5 11
5 6 11 5
2 1 9 5
7 8 10 2
2 1 7 6
7 8 3 1
6 10 2 10
4 1 1 3
8 3 2 11
8 1 2 7
2 10 11 8
6 9 7 5
7 11 10 2
7 11 3 10
7 2 8 10
11 6 1 8
8 2 7 4
28
0 665 698 130 209 472 899 840 75 633 317 540 660 815 656 746 550 985 669 890 742 932 935 850 717 640 422 377 
665 0 534 850 74 125 514 772 254 722 243 505 561 669 137 229 209 149 44 216 894 945 200 562 835 941 845 121 
698 534 0 142 562 761 563 938 646 412 363 770 925 134 376 998 729 880 911 397 16 139 605 516 534 820 409 831 
130 850 142 0 371 323 17 312 167 137 805 728 249 368 17 247 779 380 368 56 865 743 405 593 622 667 990 990 
209 74 562 371 0 158 946 857 691 118 266 521 488 940 537 151 458 26 956 538 626 675 554 224 805 285 592 212 
472 125 761 323 158 0 150 686 617 742 660 283 83 649 440 381 505 483 498 122 355 337 413 244 840 871 621 147 
899 514 563 17 946 150 0 408 246 821 313 470 625 950 413 837 451 98 805 544 757 439 627 757 231 359 614 713 
840 772 938 312 857 686 408 0 856 735 419 544 500 662 383 370 282 529 129 880 701 793 349 678 94 761 514 544 
75 254 646 167 691 617 246 856 0 858 670 88 967 460 66 723 690 424 336 754 631 423 173 174 922 186 909 643 
633 722 412 137 118 742 821 735 858 0 468 789 771 699 490 915 47 167 9 159 32 904 368 53 343 334 512 760 
317 243 363 805 266 660 313 419 670 468 0 57 202 535 744 955 165 166 479 691 87 665 951 729 484 739 851 182 
540 505 770 728 521 283 470 544 88 789 57 0 580 118 580 746 126 90 129 381 457 181 724 143 693 483 551 246 
660 561 925 249 488 83 625 500 967 771 202 580 0 18 294 552 534 460 31 576 898 47 526 979 882 617 829 415 
815 669 134 368 940 649 950 662 460 699 535 118 18 0 196 946 346 294 423 435 774 804 243 955 879 385 999 713 
656 137 376 17 537 440 413 383 66 490 744 580 294 196 0 935 596 82 581 147 616 392 529 543 289 927 421 267 
746 229 998 247 151 381 837 370 723 915 955 746 552 946 935 0 160 37 448 574 584 745 271 877 168 705 651 323 
550 209 729 779 458 505 451 282 690 47 165 126 534 346 596 160 0 300 957 553 684 307 265 971 902 347 903 400 
985 149 880 380 26 483 98 529 424 167 166 90 460 294 82 37 300 0 314 294 929 208 934 855 628 553 367 664 
669 44 911 368 956 498 805 129 336 9 479 129 31 423 581 448 957 314 0 1000 940 248 96 563 476 615 619 478 
890 216 397 56 538 122 544 880 754 159 691 381 576 435 147 574 553 294 1000 0 289 918 434 841 954 92 458 276 
742 894 16 865 626 355 757 701 631 32 87 457 898 774 616 584 684 929 940 289 0 993 156 178 393 469 823 673 
932 945 139 743 675 337 439 793 423 904 665 181 47 804 392 745 307 208 248 918 993 0 676 756 879 304 308 245 
935 200 605 405 554 413 627 349 173 368 951 724 526 243 529 271 265 934 96 434 156 676 0 319 659 537 566 107 
850 562 516 593 224 244 757 678 174 53 729 143 979 955 543 877 971 855 563 841 178 756 319 0 99 394 721 717 
717 835 534 622 805 840 231 94 922 343 484 693 882 879 289 168 902 628 476 954 393 879 659 99 0 871 10 987 
640 941 820 667 285 871 359 761 186 334 739 483 617 385 927 705 347 553 615 92 469 304 537 394 871 0 305 850 
422 845 409 990 592 621 614 514 909 512 851 551 829 999 421 651 903 367 619 458 823 308 566 721 10 305 0 940 
377 121 831 990 212 147 713 544 643 760 182 246 415 713 267 323 400 664 478 276 673 245 107 717 987 850 940 0 
48
24 13 26 6
25 2 5 7
9 25 24 11
7 20 25 17
24 3 4 19
13 16 12 20
28 22 9 8
7 26 14 15
22 21 9 28
12 5 17 13
6 26 11 6
16 2 9 23
11 9 5 22
2 25 1 8
22 27 6 15
19 14 27 15
19 15 11 24
24 21 13 23
7 6 17 7
17 14 19 12
22 7 5 23
4 18 14 9
28 19 8 2
4 6 16 6
4 27 14 11
3 26 5 21
3 5 27 4
2 18 27 23
24 15 1 11
4 26 20 15
16 27 17 4
14 6 1 17
4 17 9 18
5 20 5 7
9 15 1 16
2 14 27 17
11 18 4 11
28 20 14 15
7 6 5 21
12 17 9 27
5 1 28 9
20 17 15 12
3 28 28 4
25 26 5 7
27 8 17 10
11 14 24 17
4 12 9 15
28 1 25 4
29
0 164 920 929 40 251 189 51 126 224 506 46 233 966 148 287 253 733 76 955 474 135 64 693 646 516 219 281 121 
164 0 903 376 38 67 295 966 458 897 154 508 22 729 14 67 961 979 567 247 584 299 322 890 124 808 953 169 805 
920 903 0 821 387 437 941 642 812 978 708 459 295 165 355 449 25 377 177 38 443 490 368 361 88 303 11 410 545 
929 376 821 0 135 569 497 303 374 669 41 810 609 34 974 586 741 432 881 258 786 681 634 162 209 23 957 698 742 
40 38 387 135 0 317 786 397 328 547 941 814 115 437 468 840 458 860 650 66 894 623 4 986 54 236 595 191 916 
251 67 437 569 317 0 228 705 124 602 661 174 344 329 311 740 8 209 680 173 323 468 640 515 925 500 164 343 745 
189 295 941 497 786 228 0 138 346 730 543 581 325 733 496 904 437 971 506 449 496 201 130 806 940 137 14 971 310 
51 966 642 303 397 705 138 0 689 790 301 555 67 152 718 409 896 207 754 626 101 334 302 185 181 557 622 151 414 
126 458 812 374 328 124 346 689 0 422 999 614 551 156 905 40 522 875 701 562 17 353 116 83 505 185 491 400 391 
224 897 978 669 547 602 730 790 422 0 244 377 491 929 30 27 109 587 1000 611 352 422 609 966 324 765 870 715 286 
506 154 708 41 941 661 543 301 999 244 0 97 415 847 113 768 962 547 624 146 37 23 888 632 752 730 560 781 756 
46 508 459 810 814 174 581 555 614 377 97 0 668 719 756 278 71 529 239 388 852 3 609 567 640 705 333 838 169 
233 22 295 609 115 344 325 67 551 491 415 668 0 452 151 715 75 648 103 450 535 734 201 616 293 333 371 312 52 
966 729 165 34 437 329 733 152 156 929 847 719 452 0 478 590 474 6 180 861 210 534 469 128 173 526 812 362 46 
148 14 355 974 468 311 496 718 905 30 113 756 151 478 0 264 512 761 690 159 215 491 45 949 691 660 593 376 382 
287 67 449 586 840 740 904 409 40 27 768 278 715 590 264 0 905 427 860 846 252 217 25 112 426 558 932 553 82 
253 961 25 741 458 8 437 896 522 109 962 71 75 474 512 905 0 457 365 443 503 980 306 615 21 816 829 512 860 
733 979 377 432 860 209 971 207 875 587 547 529 648 6 761 427 457 0 129 202 871 722 929 252 978 707 463 175 958 
76 567 177 881 650 680 506 754 701 1000 624 239 103 180 690 860 365 129 0 680 199 421 457 108 353 10 541 161 726 
955 247 38 258 66 173 449 626 562 611 146 388 450 861 159 846 443 202 680 0 335 15 57 640 629 77 455 810 588 
474 584 443 786 894 323 496 101 17 352 37 852 535 210 215 252 503 871 199 335 0 666 938 142 536 11 70 139 340 
135 299 490 681 623 468 201 334 353 422 23 3 734 534 491 217 980 722 421 15 666 0 777 954 514 734 985 64 155 
64 322 368 634 4 640 130 302 116 609 888 609 201 469 45 25 306 929 457 57 938 777 0 441 523 859 802 63 19 
693 890 361 162 986 515 806 185 83 966 632 567 616 128 949 112 615 252 108 640 142 954 441 0 879 397 34 935 388 
646 124 88 209 54 925 940 181 505 324 752 640 293 173 691 426 21 978 353 629 536 514 523 879 0 14 12 194 823 
516 808 303 23 236 500 137 557 185 765 730 705 333 526 660 558 816 707 10 77 11 734 859 397 14 0 951 859 113 
219 953 11 957 595 164 14 622 491 870 560 333 371 812 593 932 829 463 541 455 70 985 802 34 12 951 0 92 746 
281 169 410 698 191 343 971 151 400 715 781 838 312 362 376 553 512 175 161 810 139 64 63 935 194 859 92 0 475 
121 805 545 742 916 745 310 414 391 286 756 169 52 46 382 82 860 958 726 588 340 155 19 388 823 113 746 475 0 
62
17 9 22 11
5 18 29 3
13 29 9 7
3 22 3 25
2 3 4 19
4 8 24 13
20 14 10 28
14 23 9 19
11 29 21 16
21 29 14 23
13 8 18 14
8 26 21 10
28 24 20 24
23 14 7 6
1 13 22 3
4 13 10 24
2 27 22 2
23 13 3 14
28 22 8 22
27 6 27 16
5 1 19 26
5 3 20 1
15 1 24 11
16 4 27 9
1 19 10 23
2 12 7 21
4 6 13 1
11 2 9 7
3 27 3 28
1 23 28 7
18 6 1 18
24 11 3 17
14 2 9 10
15 18 16 9
8 11 28 29
25 27 6 10
4 15 2 21
20 2 1 15
12 24 23 18
25 23 27 24
7 28 4 13
17 11 13 16
21 11 15 8
29 12 17 3
26 18 15 17
10 16 11 26
2 29 20 29
28 23 12 7
26 16 22 9
26 28 17 26
10 4 28 7
20 8 18 21
15 21 18 8
20 29 7 18
15 10 24 11
25 8 19 22
2 8 14 15
13 20 10 4
10 25 12 1
20 26 20 15
4 1 7 10
28 16 17 29
9
0 762 738 822 436 244 529 654 845 
762 0 777 957 878 970 201 368 475 
738 777 0 124 756 397 53 218 231 
822 957 124 0 437 688 29 75 346 
436 878 756 437 0 16 697 330 51 
244 970 397 688 16 0 368 443 788 
529 201 53 29 697 368 0 190 230 
654 368 218 75 330 443 190 0 31 
845 475 231 346 51 788 230 31 0 
70
7 8 1 3
5 8 8 7
5 6 6 3
8 6 3 1
1 8 1 2
3 6 2 9
5 9 1 9
7 8 5 3
2 8 3 7
4 3 7 5
9 8 4 6
5 1 8 9
2 8 1 5
5 9 4 7
8 4 4 6
9 8 6 8
8 3 3 5
8 6 2 1
4 9 9 6
5 7 1 7
6 2 4 3
4 6 8 1
4 2 9 8
7 2 6 3
2 6 8 7
6 5 7 1
4 7 8 5
3 4 6 5
5 3 3 9
4 6 2 4
2 9 1 8
6 8 2 9
3 6 1 2
1 4 5 3
2 5 8 1
4 8 7 4
4 5 6 3
6 8 5 7
1 9 5 3
5 7 5 4
2 3 2 4
5 4 5 9
9 8 9 3
6 2 9 3
1 3 4 1
3 8 7 5
6 5 6 1
8 1 7 5
8 6 8 3
7 5 5 8
4 9 2 7
9 6 8 5
5 6 8 1
2 6 3 9
4 3 4 6
1 2 1 3
4 2 5 6
7 3 7 6
8 9 3 5
5 7 1 9
1 2 5 1
2 5 8 3
4 6 3 7
5 2 4 9
5 1 3 1
7 6 5 3
3 4 9 3
3 2 1 5
2 7 4 5
2 4 9 4
37
0 584 873 940 882 896 498 896 772 903 106 370 915 553 675 722 413 636 348 780 40 898 630 115 124 815 905 397 19 35 44 777 618 916 68 851 164 
584 0 918 98 287 820 555 656 735 108 682 808 520 669 156 651 61 405 280 175 881 446 431 277 464 465 672 592 434 940 12 284 455 929 382 741 748 
873 918 0 936 749 834 43 782 642 914 451 149 565 511 553 196 37 433 642 819 61 457 284 733 49 69 672 60 353 126 340 86 218 87 21 318 273 
940 98 936 0 416 100 914 329 902 62 245 764 966 441 800 751 82 618 811 538 253 895 938 322 918 349 26 395 688 111 613 127 131 282 399 898 381 
882 287 749 416 0 312 579 282 725 823 397 42 263 196 792 696 166 955 234 770 201 171 91 119 520 116 513 559 226 477 685 709 759 83 958 491 746 
896 820 834 100 312 0 536 125 470 359 521 864 973 717 7 669 234 313 902 3 514 424 446 632 295 913 496 854 139 325 890 199 83 973 156 925 718 
498 555 43 914 579 536 0 44 49 540 402 570 755 374 638 761 42 871 74 295 225 939 71 670 922 365 583 417 570 73 741 460 623 175 784 778 100 
896 656 782 329 282 125 44 0 501 173 148 392 574 69 498 300 706 259 693 928 684 988 153 622 58 174 895 774 756 663 696 180 756 155 802 930 290 
772 735 642 902 725 470 49 501 0 932 381 142 104 881 534 678 949 31 329 7 641 21 934 676 360 438 649 769 612 543 543 719 206 238 899 961 744 
903 108 914 62 823 359 540 173 932 0 700 242 33 631 623 174 87 855 59 116 803 442 444 161 82 464 447 758 176 236 406 944 847 301 486 918 506 
106 682 451 245 397 521 402 148 381 700 0 75 816 466 170 867 59 554 850 681 728 936 887 138 403 42 579 846 202 13 661 648 122 836 884 879 780 
370 808 149 764 42 864 570 392 142 242 75 0 82 179 617 351 36 44 518 853 213 385 912 767 586 944 846 873 831 983 275 872 914 120 73 926 132 
915 520 565 966 263 973 755 574 104 33 816 82 0 73 399 968 308 277 99 741 808 67 92 843 110 609 696 323 345 607 441 930 550 286 154 380 620 
553 669 511 441 196 717 374 69 881 631 466 179 73 0 428 251 533 899 676 810 31 748 208 350 407 837 800 147 644 866 238 486 976 199 533 650 543 
675 156 553 800 792 7 638 498 534 623 170 617 399 428 0 139 90 825 41 727 978 772 346 406 375 231 656 402 40 38 501 600 387 907 436 538 53 
722 651 196 751 696 669 761 300 678 174 867 351 968 251 139 0 79 404 643 916 379 841 801 380 735 291 469 559 331 547 537 455 892 294 829 122 301 
413 61 37 82 166 234 42 706 949 87 59 36 308 533 90 79 0 230 514 339 730 113 77 988 548 615 40 978 18 34 245 748 226 45 127 961 688 
636 405 433 618 955 313 871 259 31 855 554 44 277 899 825 404 230 0 947 519 18 493 407 824 736 52 652 858 353 233 723 691 314 835 119 301 734 
348 280 642 811 234 902 74 693 329 59 850 518 99 676 41 643 514 947 0 733 693 63 102 726 659 849 304 56 327 264 743 273 782 112 117 541 936 
780 175 819 538 770 3 295 928 7 116 681 853 741 810 727 916 339 519 733 0 853 592 939 62 944 172 784 986 837 970 105 138 703 189 182 117 291 
40 881 61 253 201 514 225 684 641 803 728 213 808 31 978 379 730 18 693 853 0 259 775 139 562 182 818 825 924 90 959 36 559 499 971 411 442 
898 446 457 895 171 424 939 988 21 442 936 385 67 748 772 841 113 493 63 592 259 0 909 472 738 432 607 723 269 576 179 758 630 368 939 746 658 
630 431 284 938 91 446 71 153 934 444 887 912 92 208 346 801 77 407 102 939 775 909 0 197 872 148 111 54 965 935 329 407 893 364 965 743 686 
115 277 733 322 119 632 670 622 676 161 138 767 843 350 406 380 988 824 726 62 139 472 197 0 375 185 947 198 922 378 804 996 998 731 527 107 360 
124 464 49 918 520 295 922 58 360 82 403 586 110 407 375 735 548 736 659 944 562 738 872 375 0 246 45 457 255 594 328 402 704 733 719 990 62 
815 465 69 349 116 913 365 174 438 464 42 944 609 837 231 291 615 52 849 172 182 432 148 185 246 0 125 883 425 441 977 463 815 513 409 364 786 
905 672 672 26 513 496 583 895 649 447 579 846 696 800 656 469 40 652 304 784 818 607 111 947 45 125 0 138 519 134 136 249 660 242 608 905 639 
397 592 60 395 559 854 417 774 769 758 846 873 323 147 402 559 978 858 56 986 825 723 54 198 457 883 138 0 416 511 584 743 912 287 476 982 276 
19 434 353 688 226 139 570 756 612 176 202 831 345 644 40 331 18 353 327 837 924 269 965 922 255 425 519 416 0 889 106 510 665 546 839 127 712 
35 940 126 111 477 325 73 663 543 236 13 983 607 866 38 547 34 233 264 970 90 576 935 378 594 441 134 511 889 0 351 535 427 137 25 945 270 
44 12 340 613 685 890 741 696 543 406 661 275 441 238 501 537 245 723 743 105 959 179 329 804 328 977 136 584 106 351 0 512 545 281 105 504 537 
777 284 86 127 709 199 460 180 719 944 648 872 930 486 600 455 748 691 273 138 36 758 407 996 402 463 249 743 510 535 512 0 743 919 47 678 14 
618 455 218 131 759 83 623 756 206 847 122 914 550 976 387 892 226 314 782 703 559 630 893 998 704 815 660 912 665 427 545 743 0 310 964 841 292 
916 929 87 282 83 973 175 155 238 301 836 120 286 199 907 294 45 835 112 189 499 368 364 731 733 513 242 287 546 137 281 919 310 0 592 729 397 
68 382 21 399 958 156 784 802 899 486 884 73 154 533 436 829 127 119 117 182 971 939 965 527 719 409 608 476 839 25 105 47 964 592 0 453 393 
851 741 318 898 491 925 778 930 961 918 879 926 380 650 538 122 961 301 541 117 411 746 743 107 990 364 905 982 127 945 504 678 841 729 453 0 295 
164 748 273 381 746 718 100 290 744 506 780 132 620 543 53 301 688 734 936 291 442 658 686 360 62 786 639 276 712 270 537 14 292 397 393 295 0 
91
32 33 21 10
37 21 12 35
14 23 23 35
6 11 1 15
14 30 8 34
11 7 12 32
24 2 26 33
34 9 21 11
29 10 9 20
33 9 32 1
19 10 30 10
2 37 21 13
7 32 7 30
15 24 32 2
25 21 12 37
7 32 25 14
5 11 33 15
19 6 30 16
15 22 3 17
22 24 29 6
33 35 35 11
22 30 27 24
28 16 1 12
11 26 25 30
4 14 11 18
35 13 34 19
14 3 24 25
1 37 13 37
7 17 23 34
32 24 8 20
27 11 12 3
9 33 35 27
9 23 7 22
14 19 3 5
21 5 7 36
13 36 36 8
37 6 27 4
31 17 6 2
27 19 6 14
4 28 35 32
9 15 37 7
34 21 21 15
3 18 2 30
31 37 37 30
21 5 33 14
36 17 31 3
26 28 11 12
6 25 19 2
8 17 17 25
12 18 18 6
33 32 13 16
14 9 7 12
3 37 15 37
36 8 30 24
36 3 36 4
5 32 5 28
11 36 30 22
32 25 5 27
20 18 20 11
4 26 23 6
26 15 20 2
22 12 3 20
30 16 1 34
10 6 2 35
19 32 35 13
19 2 2 16
34 36 27 37
25 27 5 28
4 24 7 3
14 9 23 6
25 23 2 12
13 22 15 31
1 17 25 35
30 29 12 32
18 32 37 36
33 6 1 9
30 1 14 17
2 31 6 22
12 30 9 24
29 24 32 30
18 19 5 25
10 16 20 5
10 19 3 6
25 4 14 17
19 6 11 20
36 16 5 10
24 28 33 15
29 27 22 24
24 26 12 11
20 31 16 29
12 18 12 14
3
0 677 241 
677 0 444 
241 444 0 
62
2 1 2 3
1 2 3 2
2 1 2 1
2 1 2 3
2 1 3 2
2 3 2 1
3 1 3 2
3 2 2 3
1 2 2 1
1 2 1 2
3 1 3 1
1 2 3 2
2 3 2 3
2 3 3 1
3 2 3 1
3 1 1 2
3 2 3 1
3 1 1 3
2 3 2 3
3 1 2 3
1 2 1 3
1 2 1 2
3 1 3 1
3 2 2 3
1 2 3 1
3 2 1 2
3 2 1 3
1 3 3 2
3 1 3 1
3 1 1 3
2 1 3 2
3 1 3 1
1 2 3 2
3 1 1 3
3 1 1 3
3 1 3 2
1 2 2 1
2 1 1 2
2 3 3 1
3 2 2 1
2 3 2 1
1 2 3 1
3 1 3 2
1 3 1 2
1 2 3 2
1 2 3 2
2 1 3 2
2 3 2 1
3 1 3 2
2 1 2 3
1 3 2 3
2 3 1 2
3 1 3 2
3 2 3 2
2 3 2 1
3 1 3 1
3 2 2 1
2 3 3 1
3 1 1 2
2 1 3 1
3 2 3 2
3 2 2 1
38
0 528 215 811 719 354 31 669 289 453 98 115 447 904 639 994 807 336 184 263 299 535 334 275 405 283 870 532 691 415 842 843 942 56 653 660 761 35 
528 0 328 49 839 777 515 638 680 505 631 486 841 814 748 139 700 434 766 105 716 635 988 758 49 829 601 990 237 605 1 997 640 680 398 830 457 912 
215 328 0 467 488 769 98 974 609 263 73 747 963 506 864 419 573 499 406 331 899 586 283 241 822 887 241 171 526 921 920 708 729 183 174 216 951 623 
811 49 467 0 541 559 886 966 658 848 823 521 266 396 19 23 78 918 608 360 158 782 246 750 952 124 22 223 831 102 405 356 318 356 331 210 914 216 
719 839 488 541 0 527 571 415 350 92 32 745 462 54 174 731 13 533 240 794 130 990 97 605 363 319 435 465 724 143 134 79 473 343 344 40 870 915 
354 777 769 559 527 0 454 571 358 485 667 171 890 840 902 902 724 141 48 853 482 144 458 845 463 244 309 538 738 442 968 210 136 663 249 357 929 54 
31 515 98 886 571 454 0 927 286 890 593 457 779 432 710 33 155 850 80 360 332 223 169 528 37 412 836 926 150 629 245 711 764 908 960 473 836 365 
669 638 974 966 415 571 927 0 399 474 255 992 282 385 775 991 417 282 840 848 641 523 423 161 50 811 572 237 737 73 865 333 784 981 240 95 453 428 
289 680 609 658 350 358 286 399 0 459 851 901 65 194 182 450 969 172 218 250 363 66 242 886 488 402 287 298 325 524 386 750 388 719 533 368 310 979 
453 505 263 848 92 485 890 474 459 0 820 89 789 23 989 854 216 522 655 184 45 872 785 408 937 378 645 776 131 931 74 456 454 811 557 842 881 89 
98 631 73 823 32 667 593 255 851 820 0 561 191 419 733 631 207 755 620 412 970 493 66 506 890 938 290 649 874 668 293 2 150 575 75 957 29 237 
115 486 747 521 745 171 457 992 901 89 561 0 513 222 118 601 134 660 371 866 290 578 620 261 989 590 754 407 95 995 344 736 643 569 755 287 570 905 
447 841 963 266 462 890 779 282 65 789 191 513 0 861 996 861 241 233 374 814 350 326 948 9 697 165 298 626 785 559 966 726 664 372 172 658 67 259 
904 814 506 396 54 840 432 385 194 23 419 222 861 0 652 636 14 938 557 270 798 553 482 391 785 207 204 486 533 503 846 581 668 143 558 452 53 523 
639 748 864 19 174 902 710 775 182 989 733 118 996 652 0 529 68 247 52 77 313 310 728 948 675 665 505 944 815 409 778 205 545 984 408 30 516 911 
994 139 419 23 731 902 33 991 450 854 631 601 861 636 529 0 875 448 578 369 5 381 774 880 261 193 126 312 270 438 973 997 738 1000 14 594 295 828 
807 700 573 78 13 724 155 417 969 216 207 134 241 14 68 875 0 354 72 32 898 56 439 279 923 701 505 371 278 225 727 10 998 958 622 191 83 933 
336 434 499 918 533 141 850 282 172 522 755 660 233 938 247 448 354 0 460 873 258 808 962 257 821 907 903 648 260 975 31 509 382 822 787 304 522 291 
184 766 406 608 240 48 80 840 218 655 620 371 374 557 52 578 72 460 0 26 152 515 105 161 865 62 135 55 497 67 866 721 676 25 682 284 846 940 
263 105 331 360 794 853 360 848 250 184 412 866 814 270 77 369 32 873 26 0 187 845 199 513 876 707 894 697 845 549 570 135 927 721 649 31 234 513 
299 716 899 158 130 482 332 641 363 45 970 290 350 798 313 5 898 258 152 187 0 444 368 919 940 786 136 660 814 161 693 97 358 632 635 554 182 499 
535 635 586 782 990 144 223 523 66 872 493 578 326 553 310 381 56 808 515 845 444 0 781 240 744 829 84 293 399 570 219 471 219 249 704 83 44 423 
334 988 283 246 97 458 169 423 242 785 66 620 948 482 728 774 439 962 105 199 368 781 0 354 984 209 841 995 374 353 688 822 710 671 457 616 205 307 
275 758 241 750 605 845 528 161 886 408 506 261 9 391 948 880 279 257 161 513 919 240 354 0 396 444 51 577 880 343 975 449 913 797 19 513 501 454 
405 49 822 952 363 463 37 50 488 937 890 989 697 785 675 261 923 821 865 876 940 744 984 396 0 556 275 807 539 835 647 534 208 352 573 30 61 595 
283 829 887 124 319 244 412 811 402 378 938 590 165 207 665 193 701 907 62 707 786 829 209 444 556 0 838 28 799 144 776 243 194 352 474 888 678 922 
870 601 241 22 435 309 836 572 287 645 290 754 298 204 505 126 505 903 135 894 136 84 841 51 275 838 0 800 474 941 312 326 394 868 601 552 758 435 
532 990 171 223 465 538 926 237 298 776 649 407 626 486 944 312 371 648 55 697 660 293 995 577 807 28 800 0 550 291 995 901 215 376 314 810 213 341 
691 237 526 831 724 738 150 737 325 131 874 95 785 533 815 270 278 260 497 845 814 399 374 880 539 799 474 550 0 608 356 116 202 902 467 675 789 144 
415 605 921 102 143 442 629 73 524 931 668 995 559 503 409 438 225 975 67 549 161 570 353 343 835 144 941 291 608 0 597 589 618 889 252 943 282 119 
842 1 920 405 134 968 245 865 386 74 293 344 966 846 778 973 727 31 866 570 693 219 688 975 647 776 312 995 356 597 0 895 185 229 682 734 519 676 
843 997 708 356 79 210 711 333 750 456 2 736 726 581 205 997 10 509 721 135 97 471 822 449 534 243 326 901 116 589 895 0 635 86 51 948 895 615 
942 640 729 318 473 136 764 784 388 454 150 643 664 668 545 738 998 382 676 927 358 219 710 913 208 194 394 215 202 618 185 635 0 288 854 322 756 56 
56 680 183 356 343 663 908 981 719 811 575 569 372 143 984 1000 958 822 25 721 632 249 671 797 352 352 868 376 902 889 229 86 288 0 575 222 82 364 
653 398 174 331 344 249 960 240 533 557 75 755 172 558 408 14 622 787 682 649 635 704 457 19 573 474 601 314 467 252 682 51 854 575 0 718 30 304 
660 830 216 210 40 357 473 95 368 842 957 287 658 452 30 594 191 304 284 31 554 83 616 513 30 888 552 810 675 943 734 948 322 222 718 0 335 918 
761 457 951 914 870 929 836 453 310 881 29 570 67 53 516 295 83 522 846 234 182 44 205 501 61 678 758 213 789 282 519 895 756 82 30 335 0 907 
35 912 623 216 915 54 365 428 979 89 237 905 259 523 911 828 933 291 940 513 499 423 307 454 595 922 435 341 144 119 676 615 56 364 304 918 907 0 
29
7 12 30 5
38 11 23 30
20 25 37 24
14 27 10 35
11 19 36 6
20 14 3 7
5 13 28 27
24 38 13 9
27 20 13 4
30 35 34 27
34 38 8 31
13 10 37 17
38 26 21 2
3 34 10 30
31 22 33 1
35 6 27 33
16 17 1 30
31 25 32 26
2 1 18 15
26 16 9 26
19 8 27 22
3 36 13 11
19 23 11 31
29 38 26 22
32 4 13 24
6 22 28 7
22 7 37 9
1 24 12 19
31 38 18 11
15
0 626 193 796 143 776 288 459 863 983 12 854 640 750 395 
626 0 411 929 462 596 224 173 158 162 503 205 98 349 263 
193 411 0 887 29 611 34 654 156 829 148 931 468 606 145 
796 929 887 0 451 969 998 90 718 744 853 998 558 448 573 
143 462 29 451 0 730 957 735 232 162 184 932 776 70 960 
776 596 611 969 730 0 387 455 614 894 635 113 824 103 71 
288 224 34 998 957 387 0 320 553 39 317 994 109 412 198 
459 173 654 90 735 455 320 0 458 969 997 31 698 954 117 
863 158 156 718 232 614 553 458 0 929 115 300 861 890 721 
983 162 829 744 162 894 39 969 929 0 172 628 528 785 521 
12 503 148 853 184 635 317 997 115 172 0 162 250 696 616 
854 205 931 998 932 113 994 31 300 628 162 0 320 15 520 
640 98 468 558 776 824 109 698 861 528 250 320 0 358 683 
750 349 606 448 70 103 412 954 890 785 696 15 358 0 866 
395 263 145 573 960 71 198 117 721 521 616 520 683 866 0 
18
10 8 11 13
9 1 14 10
13 9 1 10
8 5 8 3
11 4 15 1
2 15 8 3
14 10 7 15
15 9 2 15
2 7 9 6
2 6 2 6
14 10 15 6
6 14 1 2
3 7 2 11
13 1 13 11
5 4 2 13
11 10 3 12
15 5 2 6
6 8 3 11
29
0 938 152 731 716 958 846 383 124 75 354 276 480 391 367 526 154 523 605 826 168 618 422 149 44 345 139 444 815 
938 0 27 979 98 316 483 828 32 792 673 766 267 99 119 542 578 861 909 456 15 431 60 840 950 29 614 451 72 
152 27 0 310 941 867 124 967 198 573 635 680 400 18 471 424 783 90 522 254 631 452 114 539 907 480 322 318 320 
731 979 310 0 623 347 285 73 770 594 14 637 70 332 186 642 318 865 42 335 687 817 470 776 339 723 759 790 836 
716 98 941 623 0 297 48 316 970 365 987 593 711 271 17 481 216 382 469 285 66 654 279 383 518 320 718 556 488 
958 316 867 347 297 0 187 684 826 261 442 967 96 90 14 763 60 379 101 4 441 371 20 921 939 402 389 223 467 
846 483 124 285 48 187 0 42 501 201 911 172 918 819 660 456 854 837 716 647 804 164 736 169 926 147 899 27 150 
383 828 967 73 316 684 42 0 340 749 170 612 39 923 353 614 741 746 114 941 9 638 211 827 649 666 32 837 382 
124 32 198 770 970 826 501 340 0 678 992 545 765 161 822 912 411 200 61 750 301 582 714 339 856 66 952 596 811 
75 792 573 594 365 261 201 749 678 0 418 889 819 407 99 997 407 116 380 243 849 57 587 745 822 99 567 85 509 
354 673 635 14 987 442 911 170 992 418 0 118 145 611 770 79 324 109 934 741 412 882 551 829 770 722 587 220 70 
276 766 680 637 593 967 172 612 545 889 118 0 993 687 450 588 536 858 174 632 679 624 198 763 132 668 260 742 437 
480 267 400 70 711 96 918 39 765 819 145 993 0 338 417 897 623 157 309 504 60 489 625 133 428 196 202 772 883 
391 99 18 332 271 90 819 923 161 407 611 687 338 0 3 359 770 861 884 401 891 507 951 6 991 618 265 84 406 
367 119 471 186 17 14 660 353 822 99 770 450 417 3 0 954 501 303 576 9 963 432 420 803 56 552 230 604 106 
526 542 424 642 481 763 456 614 912 997 79 588 897 359 954 0 2 486 108 712 255 968 596 655 859 454 957 216 796 
154 578 783 318 216 60 854 741 411 407 324 536 623 770 501 2 0 574 480 880 332 785 732 634 712 740 948 495 160 
523 861 90 865 382 379 837 746 200 116 109 858 157 861 303 486 574 0 750 903 63 980 506 168 333 991 276 44 597 
605 909 522 42 469 101 716 114 61 380 934 174 309 884 576 108 480 750 0 243 639 603 453 445 560 668 240 485 499 
826 456 254 335 285 4 647 941 750 243 741 632 504 401 9 712 880 903 243 0 471 816 635 202 801 699 294 748 193 
168 15 631 687 66 441 804 9 301 849 412 679 60 891 963 255 332 63 639 471 0 453 850 95 867 181 600 35 513 
618 431 452 817 654 371 164 638 582 57 882 624 489 507 432 968 785 980 603 816 453 0 942 310 556 890 904 547 493 
422 60 114 470 279 20 736 211 714 587 551 198 625 951 420 596 732 506 453 635 850 942 0 709 991 52 728 582 536 
149 840 539 776 383 921 169 827 339 745 829 763 133 6 803 655 634 168 445 202 95 310 709 0 579 53 704 213 606 
44 950 907 339 518 939 926 649 856 822 770 132 428 991 56 859 712 333 560 801 867 556 991 579 0 504 263 899 604 
345 29 480 723 320 402 147 666 66 99 722 668 196 618 552 454 740 991 668 699 181 890 52 53 504 0 456 703 453 
139 614 322 759 718 389 899 32 952 567 587 260 202 265 230 957 948 276 240 294 600 904 728 704 263 456 0 902 570 
444 451 318 790 556 223 27 837 596 85 220 742 772 84 604 216 495 44 485 748 35 547 582 213 899 703 902 0 633 
815 72 320 836 488 467 150 382 811 509 70 437 883 406 106 796 160 597 499 193 513 493 536 606 604 453 570 633 0 
54
9 1 19 9
6 27 16 27
5 13 15 9
9 15 3 21
27 5 26 2
23 18 14 17
23 3 12 2
3 2 2 29
20 18 27 24
1 4 24 12
18 23 11 18
1 14 2 27
10 27 20 24
15 25 11 1
27 23 2 21
16 25 12 6
13 9 21 5
5 7 9 22
29 19 3 29
24 4 18 25
1 29 19 7
24 1 7 13
15 1 4 1
25 16 27 29
16 18 25 12
16 4 26 15
15 28 7 9
2 24 5 23
24 23 29 10
15 28 23 29
28 26 21 15
4 18 14 20
27 1 2 13
5 19 20 11
17 26 19 10
20 15 3 6
1 24 16 15
22 9 7 20
26 27 5 1
8 10 12 5
10 13 18 6
24 8 16 11
25 27 21 15
4 15 21 4
9 28 11 1
7 17 12 24
6 8 24 13
9 6 18 19
11 27 16 5
26 24 7 21
21 19 27 24
5 18 20 5
8 1 27 14
9 24 19 17
25
0 946 119 123 36 840 516 490 797 429 647 921 527 297 354 719 868 193 228 153 540 562 934 398 709 
946 0 355 218 223 403 161 952 504 458 71 626 493 910 493 982 58 922 980 330 800 276 683 870 495 
119 355 0 228 449 1000 767 11 285 517 71 639 86 293 393 246 244 249 703 666 874 547 927 367 880 
123 218 228 0 984 640 859 665 791 486 348 660 333 927 460 332 45 470 968 913 892 958 998 184 350 
36 223 449 984 0 243 780 598 297 797 824 843 724 542 74 707 181 284 372 323 770 71 334 454 349 
840 403 1000 640 243 0 793 137 745 615 104 658 506 61 655 42 762 898 173 712 546 969 535 741 692 
516 161 767 859 780 793 0 76 814 751 608 98 474 282 219 896 615 672 596 759 808 340 373 911 997 
490 952 11 665 598 137 76 0 231 323 652 272 84 901 444 147 446 764 681 538 456 108 352 558 67 
797 504 285 791 297 745 814 231 0 801 383 348 19 630 314 690 225 73 849 564 445 759 561 27 433 
429 458 517 486 797 615 751 323 801 0 564 298 516 816 93 15 613 857 695 151 664 155 502 573 573 
647 71 71 348 824 104 608 652 383 564 0 302 955 273 672 584 586 361 160 658 209 723 455 319 635 
921 626 639 660 843 658 98 272 348 298 302 0 481 751 550 131 618 365 223 632 978 431 679 128 94 
527 493 86 333 724 506 474 84 19 516 955 481 0 185 981 666 757 634 972 381 657 907 967 369 66 
297 910 293 927 542 61 282 901 630 816 273 751 185 0 976 929 141 782 247 775 615 349 677 745 318 
354 493 393 460 74 655 219 444 314 93 672 550 981 976 0 41 319 302 370 750 980 849 195 516 181 
719 982 246 332 707 42 896 147 690 15 584 131 666 929 41 0 213 624 814 184 5 470 443 971 838 
868 58 244 45 181 762 615 446 225 613 586 618 757 141 319 213 0 508 298 766 648 432 364 775 46 
193 922 249 470 284 898 672 764 73 857 361 365 634 782 302 624 508 0 64 451 142 382 843 460 683 
228 980 703 968 372 173 596 681 849 695 160 223 972 247 370 814 298 64 0 213 561 14 61 756 529 
153 330 666 913 323 712 759 538 564 151 658 632 381 775 750 184 766 451 213 0 242 320 152 407 855 
540 800 874 892 770 546 808 456 445 664 209 978 657 615 980 5 648 142 561 242 0 156 229 297 478 
562 276 547 958 71 969 340 108 759 155 723 431 907 349 849 470 432 382 14 320 156 0 418 805 128 
934 683 927 998 334 535 373 352 561 502 455 679 967 677 195 443 364 843 61 152 229 418 0 536 804 
398 870 367 184 454 741 911 558 27 573 319 128 369 745 516 971 775 460 756 407 297 805 536 0 559 
709 495 880 350 349 692 997 67 433 573 635 94 66 318 181 838 46 683 529 855 478 128 804 559 0 
99
3 4 15 5
20 21 23 6
5 12 17 18
7 2 21 9
19 2 13 6
5 21 7 10
1 21 16 22
18 13 3 22
1 21 14 25
21 11 14 15
9 14 13 15
15 10 1 11
11 24 2 13
19 17 10 11
9 22 8 6
12 9 11 4
19 11 14 4
1 6 23 13
18 11 13 1
20 19 14 5
17 10 24 3
19 10 6 14
20 21 17 22
4 15 11 12
15 13 13 9
23 22 9 19
15 25 23 6
11 22 10 4
6 18 17 2
13 11 1 18
2 13 4 18
18 12 25 17
11 12 4 22
8 16 25 15
8 19 18 22
6 20 15 7
8 20 24 9
13 2 10 8
16 11 1 25
21 15 24 6
1 4 2 8
19 4 24 1
24 16 23 4
11 14 10 20
12 15 7 2
25 9 1 22
23 1 3 23
5 6 7 23
11 5 24 9
11 23 4 20
10 8 19 21
22 2 24 22
13 1 18 12
2 22 10 6
5 18 5 15
25 3 1 22
2 14 8 12
14 11 9 23
20 4 20 17
8 18 15 20
20 7 6 21
6 17 3 10
10 8 1 9
12 1 7 14
17 14 25 5
1 10 2 20
14 23 11 21
15 25 17 11
9 24 7 14
16 11 25 2
18 25 12 5
3 18 18 19
8 19 23 8
4 1 4 17
16 5 24 1
5 7 16 20
18 15 21 10
17 7 16 19
1 8 14 8
4 13 17 7
13 21 25 10
12 15 25 4
21 25 5 25
7 20 20 24
12 17 10 3
1 3 23 3
10 11 11 15
23 4 23 12
24 22 23 10
13 22 14 8
21 20 8 4
16 4 4 2
22 16 6 24
15 12 19 14
15 16 2 16
22 17 10 20
11 19 23 2
24 4 3 22
19 11 21 11
37
0 597 389 330 760 682 495 199 673 147 166 87 945 618 115 219 409 826 963 820 771 712 423 19 315 877 66 758 637 363 620 152 959 9 481 718 690 
597 0 975 268 714 473 434 152 770 403 267 988 811 92 302 982 215 365 404 233 680 281 650 789 269 12 409 420 970 769 900 39 810 227 307 524 699 
389 975 0 92 27 468 494 645 807 656 89 108 638 303 473 393 535 504 25 537 644 294 900 404 713 222 172 613 260 982 191 918 857 889 361 235 709 
330 268 92 0 206 880 515 862 968 975 851 270 447 595 156 302 620 44 945 913 944 349 977 165 872 941 424 205 131 694 61 372 54 296 432 260 527 
760 714 27 206 0 946 473 494 272 675 115 70 269 270 371 888 666 316 152 609 16 129 773 887 421 548 444 552 241 504 275 295 151 706 906 677 3 
682 473 468 880 946 0 730 522 275 404 636 344 672 258 715 912 275 382 415 883 749 543 655 635 316 202 78 867 795 934 493 441 436 198 346 465 200 
495 434 494 515 473 730 0 427 338 826 830 326 170 853 935 236 764 209 617 179 91 365 73 97 351 388 298 781 606 444 66 450 884 853 647 581 317 
199 152 645 862 494 522 427 0 199 7 655 24 836 980 545 689 266 780 804 474 748 982 564 464 407 660 815 146 309 947 752 753 364 201 988 216 200 
673 770 807 968 272 275 338 199 0 569 885 750 575 539 125 763 870 670 803 135 449 958 608 549 292 523 12 698 534 178 843 842 476 946 946 839 499 
147 403 656 975 675 404 826 7 569 0 934 55 698 502 939 447 428 829 571 542 50 592 344 536 393 302 495 941 593 17 304 642 550 482 836 743 957 
166 267 89 851 115 636 830 655 885 934 0 782 689 796 280 622 202 329 123 492 127 902 320 49 444 721 641 139 256 385 792 750 325 736 118 628 377 
87 988 108 270 70 344 326 24 750 55 782 0 667 461 213 761 418 346 449 565 625 70 766 305 544 609 431 798 928 831 241 1000 823 379 255 207 523 
945 811 638 447 269 672 170 836 575 698 689 667 0 356 883 258 473 511 635 491 323 199 251 92 544 700 656 520 121 773 824 665 381 606 814 660 436 
618 92 303 595 270 258 853 980 539 502 796 461 356 0 54 659 259 784 265 465 306 620 700 564 92 562 550 934 884 748 185 976 643 236 983 162 356 
115 302 473 156 371 715 935 545 125 939 280 213 883 54 0 756 985 372 488 942 185 500 377 238 158 987 374 775 804 679 394 503 594 838 64 143 771 
219 982 393 302 888 912 236 689 763 447 622 761 258 659 756 0 947 242 955 274 884 190 257 45 898 364 381 269 203 322 454 702 51 43 212 37 768 
409 215 535 620 666 275 764 266 870 428 202 418 473 259 985 947 0 986 192 799 379 694 392 568 757 887 339 56 128 645 681 364 187 289 408 84 652 
826 365 504 44 316 382 209 780 670 829 329 346 511 784 372 242 986 0 141 352 207 814 157 908 864 552 471 901 319 456 92 117 187 138 509 754 246 
963 404 25 945 152 415 617 804 803 571 123 449 635 265 488 955 192 141 0 747 444 653 874 89 334 589 275 622 349 710 626 489 61 832 302 570 91 
