100
41
0 54636208 7557093806 28326667 3166787876 33307177 4520203086 10235046 1611044403 37394709 6127393507 38969272 2107840682 2914716 6683899691 4915534 148388642 22332781 680594375 2891737 6825579744 27309936 7312038749 33937352 5425176744 65729112 979792452 35928170 8080399822 74278700 1011466905 24187266 1436239291 3773885 4447713969 27213162 1553235587 13120902 9463552834 47259501 4610527467 
54636208 0 44425393 2864892716 24016664 455028287 66595621 519726115 40591833 8449965990 69622627 5678416430 47555075 9595930895 47048773 8888277593 57540063 6845372321 43680905 5822497280 34871006 3018762448 40757709 4377341832 81033856 7684400495 14022883 5786769127 39178945 881953291 32483474 6632995441 56160775 2941486206 70922805 7973106019 14190149 2059718351 66244649 4222205287 98521583 
7557093806 44425393 0 7946868815 33237288 9861009530 94479056 8461826250 21597606 8827078346 79829845 813722567 65766539 1050514596 12815046 4780345670 54414452 4807322985 84632662 916369919 46061466 4771998351 21564530 9417767911 90873295 6612087431 14776215 3976963822 58938014 743792308 3890827 4159718918 18797409 6335758496 59327850 3696099873 11228190 1590276227 37392962 1071287197 85647546 
28326667 2864892716 7946868815 0 7487197525 89588013 6078002973 73995899 2752079703 69687828 2438538246 82290537 5423919788 67913899 7416164855 46603961 7162885727 96123758 5462254016 81907896 6294527047 35251232 347942990 86842808 291804450 84802776 2254403011 1710944 6405588990 40799981 4106319032 40860874 6199557690 6032046 8406048181 10660361 4487824783 77726966 8423771784 25303382 84053364 
3166787876 24016664 33237288 7487197525 0 98765493 8460727704 37989032 7470979009 98323691 1507942570 79869826 7899270466 8524346 290591104 99419745 6349075923 18359210 6416353821 60470910 4761754483 4556047 7540062471 93367518 8576412111 14511090 6035772127 21804563 9331767041 8356953 6912523223 45896725 8802589604 60972214 2505298822 90374094 3075598010 37717414 1026130988 86440328 9587952742 
33307177 455028287 9861009530 89588013 98765493 0 70820292 1695597365 53249813 2409329894 98139093 3039185361 53907745 6559425056 37437790 7142037151 12912180 8467893692 32796368 4208643230 27820886 3217505275 11133642 8360639668 19269151 1679114789 61104259 5436273793 50203309 5502082660 42193203 7672973004 45756589 8632828562 62650965 8569173854 65161881 8275381661 34282865 2072859314 81993448 
4520203086 66595621 94479056 6078002973 8460727704 70820292 0 5085836547 22338315 1043340067 27723982 411956186 67123664 3522401476 22940750 1208853400 60237722 8787041803 15956897 8664261892 53533738 1796001904 92850365 9541824892 97306350 94526101 28743494 1905800618 99588110 3443108115 4809600 7061447438 19625100 1303030651 72464940 9779068266 99173967 7751614885 81743482 1984445669 65420485 
10235046 519726115 8461826250 73995899 37989032 1695597365 5085836547 0 7653633238 75103302 3963552127 35351755 5992005944 66013712 6649272141 97919091 8477459474 24833996 9326197683 61589718 3130591505 78209236 2100979393 8832054 7673413808 77463314 5532278845 3073043 8061939225 27403684 9160857884 61237606 9506727718 72872726 5894377312 2556951 6080521467 10170134 9780079018 75654591 6847094545 
1611044403 40591833 21597606 2752079703 7470979009 53249813 22338315 7653633238 0 1016027 9636401586 77555966 2720115937 62944349 5725519690 65934815 9583291479 45257060 8420668691 67810521 6484237472 32888827 1264427030 17690173 5551923263 85930950 3781581781 91227661 6383425944 56333341 8436462806 77198364 3030834299 31995495 1477161360 82180412 5230003646 25945294 5582335173 82737134 3735840633 
37394709 8449965990 8827078346 69687828 98323691 2409329894 1043340067 75103302 1016027 0 65170029 8744766168 79495787 1366756944 36891534 9091746474 35206324 6636256742 73806817 4242970041 24313288 9846855207 68758031 6279575347 26108592 5613090357 35018923 8348199877 78955311 8374200440 24673851 8082191989 86227996 1625038436 49490552 4452980249 14981940 315625876 13499968 835172260 70541077 
6127393507 69622627 79829845 2438538246 1507942570 98139093 27723982 3963552127 9636401586 65170029 0 7492760434 94085156 3660546291 53788160 1321604464 30148214 5016068089 29536294 9170957656 76511480 2924164975 57770063 6361066739 9979596 948570389 30953219 4460820837 48630717 3585112264 4097794 9738222811 33797193 1301938716 97715383 7229944058 68008095 9203578858 30385910 8868212360 86659018 
38969272 5678416430 813722567 82290537 79869826 3039185361 411956186 35351755 77555966 8744766168 7492760434 0 4596037665 17137773 3352462885 36702345 7983150524 88152362 94940008 93817969 7657255487 75171928 365144689 11137238 3914914613 71190836 5708195108 18327073 1284467941 18416686 9962578616 76751145 159722343 62692908 51556701 85495991 8507090406 23713678 1416143901 75764520 4422955568 
2107840682 47555075 65766539 5423919788 7899270466 53907745 67123664 5992005944 2720115937 79495787 94085156 4596037665 0 66304770 7930006052 80985218 4457684119 96385296 7492176745 11253708 9420998234 72687503 7623408748 74545026 8887179757 176913 2073376364 4117803 2619015309 18795178 5993619447 94535140 330476096 94357522 2498577691 28376743 6354550027 51008836 69707647 28271677 1523782756 
2914716 9595930895 1050514596 67913899 8524346 6559425056 3522401476 66013712 62944349 1366756944 3660546291 17137773 66304770 0 44724647 7007731354 44788014 2514146476 59260103 5667064706 25539921 5618499354 88506571 7507025368 28084818 9034752157 5017557 745196825 23092637 2179663454 18815751 397590593 79550520 8309857617 5197239 7046343850 36101293 6586165110 76814316 4220741138 21009653 
6683899691 47048773 12815046 7416164855 290591104 37437790 22940750 6649272141 5725519690 36891534 53788160 3352462885 7930006052 44724647 0 914596739 80555058 9647515605 39538659 8166604243 95230912 9753222832 56984078 4760803847 86047171 7867625363 41494199 97942310 47669289 2090325189 22681479 4165873369 16972711 4674976707 13804135 1456225624 83996215 3468378669 82156015 1854119537 14336957 
4915534 8888277593 4780345670 46603961 99419745 7142037151 1208853400 97919091 65934815 9091746474 1321604464 36702345 80985218 7007731354 914596739 0 1628966141 12789975 7199236634 83122756 9309359180 91125675 1559691496 95445095 7533270528 26716941 5784915075 2437201 5582006408 46754360 4356924720 34954555 1991732584 69474733 9893308172 85352798 395960890 25307538 6147788935 64648992 3605354543 
148388642 57540063 54414452 7162885727 6349075923 12912180 60237722 8477459474 9583291479 35206324 30148214 7983150524 4457684119 44788014 80555058 1628966141 0 53269471 7251606203 8597734 1789968843 24110820 1848824560 11627609 6784980479 30739488 1802805924 99022499 641822554 57278047 6288653955 75033872 6965640295 54248416 8914521447 83634325 9081730973 12876375 8043933680 96185840 7042276930 
22332781 6845372321 4807322985 96123758 18359210 8467893692 8787041803 24833996 45257060 6636256742 5016068089 88152362 96385296 2514146476 9647515605 12789975 53269471 0 53633567 7040645565 96789049 866522034 94913179 3498903638 34907429 5574634666 61057160 1687560069 39248417 1936838095 95148912 691538408 99228455 5396663149 8949750 6684892245 95036866 2487419400 48971951 407153665 83825489 
680594375 43680905 84632662 5462254016 6416353821 32796368 15956897 9326197683 8420668691 73806817 29536294 94940008 7492176745 59260103 39538659 7199236634 7251606203 53633567 0 7580723424 17152522 953321927 41851890 224816825 9787718 9417360681 34282985 3025581132 54726997 9117787185 16731192 9264954635 72736796 5108267162 77675309 221519831 1814080 9043385393 60955318 2883130123 25604079 
2891737 5822497280 916369919 81907896 60470910 4208643230 8664261892 61589718 67810521 4242970041 9170957656 93817969 11253708 5667064706 8166604243 83122756 8597734 7040645565 7580723424 0 2379001666 48135717 6022499394 96143994 4552239565 18640015 3413957036 50182200 2520737889 33631274 4168609764 98061065 6909228974 13172304 2007323406 28477077 7796744374 43589520 3247447401 95641559 8122119949 
6825579744 34871006 46061466 6294527047 4761754483 27820886 53533738 3130591505 6484237472 24313288 76511480 7657255487 9420998234 25539921 95230912 9309359180 1789968843 96789049 17152522 2379001666 0 69593613 1339754377 45475763 2710238618 57673293 4774019990 14314835 6980975120 72619848 1235067227 39723741 8107781147 46502457 2305280377 73407836 9607530427 14749600 3453504964 32311338 3199986126 
27309936 3018762448 4771998351 35251232 4556047 3217505275 1796001904 78209236 32888827 9846855207 2924164975 75171928 72687503 5618499354 9753222832 91125675 24110820 866522034 953321927 48135717 69593613 0 37695345 4035030980 69161231 7753836098 65873137 289418358 3637191 8619345894 24871517 8756376044 82823254 7747881149 94842105 6503749629 66182097 2612362942 59657267 817956420 17145350 
7312038749 40757709 21564530 347942990 7540062471 11133642 92850365 2100979393 1264427030 68758031 57770063 365144689 7623408748 88506571 56984078 1559691496 1848824560 94913179 41851890 6022499394 1339754377 37695345 0 5106513118 38290472 3483899412 56045094 318817588 38320143 1526671012 60983207 797643424 72699246 9648091766 81418111 1565153980 86421536 247475199 59164315 9658581152 81351973 
33937352 4377341832 9417767911 86842808 93367518 8360639668 9541824892 8832054 17690173 6279575347 6361066739 11137238 74545026 7507025368 4760803847 95445095 11627609 3498903638 224816825 96143994 45475763 4035030980 5106513118 0 3232453292 39094804 2986798418 90264229 3011430486 85544222 6622230598 90319319 601795155 41763208 9776726750 10444183 3557926787 35491845 1556510932 89686274 9923894859 
5425176744 81033856 90873295 291804450 8576412111 19269151 97306350 7673413808 5551923263 26108592 9979596 3914914613 8887179757 28084818 86047171 7533270528 6784980479 34907429 9787718 4552239565 2710238618 69161231 38290472 3232453292 0 25836496 7731228893 41846905 4721217768 96620501 7898122739 80381956 5937355577 23668271 6993397609 69556273 7835336978 97762184 5889272071 93128172 5126574462 
65729112 7684400495 6612087431 84802776 14511090 1679114789 94526101 77463314 85930950 5613090357 948570389 71190836 176913 9034752157 7867625363 26716941 30739488 5574634666 9417360681 18640015 57673293 7753836098 3483899412 39094804 25836496 0 34918364 5480003427 59227816 4637190804 52014692 105664073 26224857 8136439696 95873645 2827285492 37399311 9445776270 47727037 3849341276 73538945 
979792452 14022883 14776215 2254403011 6035772127 61104259 28743494 5532278845 3781581781 35018923 30953219 5708195108 2073376364 5017557 41494199 5784915075 1802805924 61057160 34282985 3413957036 4774019990 65873137 56045094 2986798418 7731228893 34918364 0 2615573541 68981904 5336532414 97899085 8954843592 50892500 8035590909 57337884 8139267267 63164268 2871615289 89095204 2610341041 60431043 
35928170 5786769127 3976963822 1710944 21804563 5436273793 1905800618 3073043 91227661 8348199877 4460820837 18327073 4117803 745196825 97942310 2437201 99022499 1687560069 3025581132 50182200 14314835 289418358 318817588 90264229 41846905 5480003427 2615573541 0 5871038097 40250570 508864041 60821850 5377612286 80990351 7688984604 2788351 459168468 35353220 6708758253 36127382 1250873625 
8080399822 39178945 58938014 6405588990 9331767041 50203309 99588110 8061939225 6383425944 78955311 48630717 1284467941 2619015309 23092637 47669289 5582006408 641822554 39248417 54726997 2520737889 6980975120 3637191 38320143 3011430486 4721217768 59227816 68981904 5871038097 0 97037397 2425813728 97511406 3719938354 86680910 8074266132 2619963 1568906932 43686782 3391286601 94821209 486885947 
74278700 881953291 743792308 40799981 8356953 5502082660 3443108115 27403684 56333341 8374200440 3585112264 18416686 18795178 2179663454 2090325189 46754360 57278047 1936838095 9117787185 33631274 72619848 8619345894 1526671012 85544222 96620501 4637190804 5336532414 40250570 97037397 0 94437118 2768566659 99740789 1894019030 21206941 305553893 36793182 8165399543 9793796 3014779409 7405153 
1011466905 32483474 3890827 4106319032 6912523223 42193203 4809600 9160857884 8436462806 24673851 4097794 9962578616 5993619447 18815751 22681479 4356924720 6288653955 95148912 16731192 4168609764 1235067227 24871517 60983207 6622230598 7898122739 52014692 97899085 508864041 2425813728 94437118 0 7891748548 66194301 9953162316 61855796 454231261 66517830 7557031711 7361957 1028669690 92492872 
24187266 6632995441 4159718918 40860874 45896725 7672973004 7061447438 61237606 77198364 8082191989 9738222811 76751145 94535140 397590593 4165873369 34954555 75033872 691538408 9264954635 98061065 39723741 8756376044 797643424 90319319 80381956 105664073 8954843592 60821850 97511406 2768566659 7891748548 0 6688666918 43773985 7588586311 31716445 2100763476 47899291 7317774923 70001266 9617251376 
1436239291 56160775 18797409 6199557690 8802589604 45756589 19625100 9506727718 3030834299 86227996 33797193 159722343 330476096 79550520 16972711 1991732584 6965640295 99228455 72736796 6909228974 8107781147 82823254 72699246 601795155 5937355577 26224857 50892500 5377612286 3719938354 99740789 66194301 6688666918 0 53121442 7009957043 11588829 8879387596 85184191 9327046472 77055717 7669801697 
3773885 2941486206 6335758496 6032046 60972214 8632828562 1303030651 72872726 31995495 1625038436 1301938716 62692908 94357522 8309857617 4674976707 69474733 54248416 5396663149 5108267162 13172304 46502457 7747881149 9648091766 41763208 23668271 8136439696 8035590909 80990351 86680910 1894019030 9953162316 43773985 53121442 0 9451100 7416607439 57721650 5240836746 49770001 2886424447 77118535 
4447713969 70922805 59327850 8406048181 2505298822 62650965 72464940 5894377312 1477161360 49490552 97715383 51556701 2498577691 5197239 13804135 9893308172 8914521447 8949750 77675309 2007323406 2305280377 94842105 81418111 9776726750 6993397609 95873645 57337884 7688984604 8074266132 21206941 61855796 7588586311 7009957043 9451100 0 8768475436 40020203 9191196476 84497785 4154443059 29310921 
27213162 7973106019 3696099873 10660361 90374094 8569173854 9779068266 2556951 82180412 4452980249 7229944058 85495991 28376743 7046343850 1456225624 85352798 83634325 6684892245 221519831 28477077 73407836 6503749629 1565153980 10444183 69556273 2827285492 8139267267 2788351 2619963 305553893 454231261 31716445 11588829 7416607439 8768475436 0 8702986956 14082584 8226031339 45857386 8767766410 
1553235587 14190149 11228190 4487824783 3075598010 65161881 99173967 6080521467 5230003646 14981940 68008095 8507090406 6354550027 36101293 83996215 395960890 9081730973 95036866 1814080 7796744374 9607530427 66182097 86421536 3557926787 7835336978 37399311 63164268 459168468 1568906932 36793182 66517830 2100763476 8879387596 57721650 40020203 8702986956 0 64207206 5353525627 64736941 4229766733 
13120902 2059718351 1590276227 77726966 37717414 8275381661 7751614885 10170134 25945294 315625876 9203578858 23713678 51008836 6586165110 3468378669 25307538 12876375 2487419400 9043385393 43589520 14749600 2612362942 247475199 35491845 97762184 9445776270 2871615289 35353220 43686782 8165399543 7557031711 47899291 85184191 5240836746 9191196476 14082584 64207206 0 13912105 9848483240 47843455 
9463552834 66244649 37392962 8423771784 1026130988 34282865 81743482 9780079018 5582335173 13499968 30385910 1416143901 69707647 76814316 82156015 6147788935 8043933680 48971951 60955318 3247447401 3453504964 59657267 59164315 1556510932 5889272071 47727037 89095204 6708758253 3391286601 9793796 7361957 7317774923 9327046472 49770001 84497785 8226031339 5353525627 13912105 0 5324695783 2025265 
47259501 4222205287 1071287197 25303382 86440328 2072859314 1984445669 75654591 82737134 835172260 8868212360 75764520 28271677 4220741138 1854119537 64648992 96185840 407153665 2883130123 95641559 32311338 817956420 9658581152 89686274 93128172 3849341276 2610341041 36127382 94821209 3014779409 1028669690 70001266 77055717 2886424447 4154443059 45857386 64736941 9848483240 5324695783 0 5356581560 
4610527467 98521583 85647546 84053364 9587952742 81993448 65420485 6847094545 3735840633 70541077 86659018 4422955568 1523782756 21009653 14336957 3605354543 7042276930 83825489 25604079 8122119949 3199986126 17145350 81351973 9923894859 5126574462 73538945 60431043 1250873625 486885947 7405153 92492872 9617251376 7669801697 77118535 29310921 8767766410 4229766733 47843455 2025265 5356581560 0 
12
29 30
27 3
5 25
37 35
12 16
39 2
10 36
16 14
15 30
35 5
38 20
1 37
9
0 98038376 5078244094 54672489 356772491 652852 7541748374 66711274 4288496990 
98038376 0 9484432 9826476786 37915290 4758405090 90346144 7536244072 79029406 
5078244094 9484432 0 7417081111 78744611 8146358378 88576925 5601498409 34865141 
54672489 9826476786 7417081111 0 499561709 49828624 6296837160 64826675 8072434668 
356772491 37915290 78744611 499561709 0 57473866 8452185621 7148437 1940379190 
652852 4758405090 8146358378 49828624 57473866 0 29633445 3719713537 49151821 
7541748374 90346144 88576925 6296837160 8452185621 29633445 0 386637074 98765675 
66711274 7536244072 5601498409 64826675 7148437 3719713537 386637074 0 7799090365 
4288496990 79029406 34865141 8072434668 1940379190 49151821 98765675 7799090365 0 
44
8 7
6 8
5 3
5 1
2 7
6 1
2 0
7 3
6 4
6 3
6 3
8 6
0 8
6 0
7 2
4 7
3 6
6 2
2 3
0 4
4 2
7 8
7 0
4 2
3 7
6 4
2 1
4 3
6 1
8 0
0 8
1 8
2 8
1 2
3 0
5 3
0 7
5 6
5 6
5 3
5 2
5 2
4 0
2 6
30
0 79596544 8853426749 91786473 2371571686 67226441 5266072065 29842328 6437869263 74639003 3280853136 15145196 1073097314 61517348 4061499896 27545102 1893315148 29309429 4759374823 57269964 3204911172 88647325 2417266643 17211565 6965635104 90814635 5199052340 62702594 8205638318 22566844 
79596544 0 2637548281 5850154 5606540366 11665242 1331360078 95477868 5726752881 48500053 7429081489 79409960 5879295333 46241845 7363810488 55406487 9371553018 1480605 6568374967 77892320 9589054998 98280358 43526798 59628644 6232364736 36094055 8431324973 1904857 776685702 17683714 
8853426749 2637548281 0 7489915418 68246769 4287358147 64556382 9269615293 42240541 9349849996 43365325 2778953858 77079652 6898986454 46824617 1423034313 8700450 4873889609 1650357 7896510883 54445559 562577995 47732239 7907227584 80345046 7759199285 16267691 8462917409 42430453 2592167295 
91786473 5850154 7489915418 0 20630823 7130979957 82954575 2023218228 96799601 1536291013 91621857 3009848821 61436246 7669588236 27349894 5954689100 8984636 471256346 54133383 9451965822 22838273 6033612772 69165738 4586883075 5085461 1994328704 58304355 4579511544 99109858 2906079153 
2371571686 5606540366 68246769 20630823 0 29274169 7214656716 51322631 1301664709 95960454 6027854338 17899470 3792212632 14815881 5491622057 99230056 4486270359 32896646 6257514709 86203503 7881868822 75127920 6175547012 28044474 8617153418 73626445 8014178091 12687256 5871396861 90495130 
67226441 11665242 4287358147 7130979957 29274169 0 1939087973 14306263 9106151047 60489503 1481194437 72854361 3210490906 69317257 4804584012 15489667 3560074383 3416129 2854646987 37187705 8439718854 49122380 7173803334 9274586 4873455418 71347329 8227281082 98256658 8402045663 33965604 
5266072065 1331360078 64556382 82954575 7214656716 1939087973 0 6318113009 20160517 17953636 97728081 9269850728 44673430 4022063057 50710327 5350720859 1497097 1035120697 95531265 9075106661 85345041 6473717789 52527941 197394301 91012070 3245023643 58480980 5853961975 7734396 2143593867 
29842328 95477868 9269615293 2023218228 51322631 14306263 6318113009 0 24413520 6360539364 2457918 8771231557 38568147 3896741588 18501096 6869407556 71453709 3165131667 11832235 457442610 75475622 9061988112 12854999 6442185343 65222350 6355307860 13565534 4130188168 92352722 9537342155 
6437869263 5726752881 42240541 96799601 1301664709 9106151047 20160517 24413520 0 72567692 7964046301 89591045 7251593139 95454838 5438279379 57777353 2910645224 49528298 7293440339 25695949 2208811270 94283729 3216389850 87591266 1614093956 2297433 7853111373 28540981 167962515 16112772 
74639003 48500053 9349849996 1536291013 95960454 60489503 17953636 6360539364 72567692 0 2219783084 93500839 1872167095 3217636 8681918925 49965532 5306355167 94756851 610557806 88312741 8106617468 6582849 8337051752 74757873 576556844 43495065 5579557945 34655767 9453182445 42029198 
3280853136 7429081489 43365325 91621857 6027854338 1481194437 97728081 2457918 7964046301 2219783084 0 5165251741 55188382 9086876535 14121792 4196359969 56915390 38591051 75204041 1613064130 34288037 9526456481 32785596 690110474 91709069 278156271 68232985 3410963862 31264549 8127240078 
15145196 79409960 2778953858 3009848821 17899470 72854361 9269850728 8771231557 89591045 93500839 5165251741 0 33739536 3570680903 4510615 7269246124 80246604 4076640205 36051008 4455665011 64054333 1893126766 91409787 9530861925 71838941 6848854441 48746026 3982242497 31465260 6282722974 
1073097314 5879295333 77079652 61436246 3792212632 3210490906 44673430 38568147 7251593139 1872167095 55188382 33739536 0 24232052 8373841468 13544874 1642459747 61635461 1800227268 18350962 9312877963 56893574 9408670303 23057109 990703907 39314861 9153303166 44433835 628219479 41867042 
61517348 46241845 6898986454 7669588236 14815881 69317257 4022063057 3896741588 95454838 3217636 9086876535 3570680903 24232052 0 9305632853 42703182 4593901317 51250760 5838052706 4941026 340007914 15860341 1736806973 60489939 8347339813 65038393 7488954555 25708697 5725856546 87522974 
4061499896 7363810488 46824617 27349894 5491622057 4804584012 50710327 18501096 5438279379 8681918925 14121792 4510615 8373841468 9305632853 0 6007030298 56789844 6740622403 82779816 7706745168 3600144 2981588775 9307662 7894790350 29417969 7477078827 68100472 1517998633 66803132 8585616688 
27545102 55406487 1423034313 5954689100 99230056 15489667 5350720859 6869407556 57777353 49965532 4196359969 7269246124 13544874 42703182 6007030298 0 74544296 887751286 6213495 772833202 55289251 1921193591 29614600 9267246658 76485722 129012093 67405619 5419898360 36920412 7996002027 
1893315148 9371553018 8700450 8984636 4486270359 3560074383 1497097 71453709 2910645224 5306355167 56915390 80246604 1642459747 4593901317 56789844 74544296 0 93690928 5560869235 46686505 2998098835 62928942 277979767 659304 3328704139 9326948 88763813 21962605 3893799492 7072771 
29309429 1480605 4873889609 471256346 32896646 3416129 1035120697 3165131667 49528298 94756851 38591051 4076640205 61635461 51250760 6740622403 887751286 93690928 0 4505586186 87756144 1734125408 44117344 8260326264 26174010 4013490182 84167592 3089836475 4774789 5861128930 96908265 
4759374823 6568374967 1650357 54133383 6257514709 2854646987 95531265 11832235 7293440339 610557806 75204041 36051008 1800227268 5838052706 82779816 6213495 5560869235 4505586186 0 5763367070 47455899 7191164839 17547188 4245186800 51605451 2716533487 70153666 1214690770 12910173 945455373 
57269964 77892320 7896510883 9451965822 86203503 37187705 9075106661 457442610 25695949 88312741 1613064130 4455665011 18350962 4941026 7706745168 772833202 46686505 87756144 5763367070 0 36954376 6193808097 49639546 3539322414 31124561 7754328247 78153207 3364939030 4838033 5978725869 
3204911172 9589054998 54445559 22838273 7881868822 8439718854 85345041 75475622 2208811270 8106617468 34288037 64054333 9312877963 340007914 3600144 55289251 2998098835 1734125408 47455899 36954376 0 23788542 1289896582 30013539 5186725121 49005159 1861913201 34632577 195494697 27249942 
88647325 98280358 562577995 6033612772 75127920 49122380 6473717789 9061988112 94283729 6582849 9526456481 1893126766 56893574 15860341 2981588775 1921193591 62928942 44117344 7191164839 6193808097 23788542 0 5853596040 56748290 6617559468 76121941 2355169374 61740410 6887154576 87806090 
2417266643 43526798 47732239 69165738 6175547012 7173803334 52527941 12854999 3216389850 8337051752 32785596 91409787 9408670303 1736806973 9307662 29614600 277979767 8260326264 17547188 49639546 1289896582 5853596040 0 5549515563 6206686 2239447890 93160814 6054111516 36702475 3732736029 
17211565 59628644 7907227584 4586883075 28044474 9274586 197394301 6442185343 87591266 74757873 690110474 9530861925 23057109 60489939 7894790350 9267246658 659304 26174010 4245186800 3539322414 30013539 56748290 5549515563 0 65584977 2154406897 8772185 1685643050 7496622 431003962 
6965635104 6232364736 80345046 5085461 8617153418 4873455418 91012070 65222350 1614093956 576556844 91709069 71838941 990703907 8347339813 29417969 76485722 3328704139 4013490182 51605451 31124561 5186725121 6617559468 6206686 65584977 0 31538133 654697267 88487779 9678022778 74431651 
90814635 36094055 7759199285 1994328704 73626445 71347329 3245023643 6355307860 2297433 43495065 278156271 6848854441 39314861 65038393 7477078827 129012093 9326948 84167592 2716533487 7754328247 49005159 76121941 2239447890 2154406897 31538133 0 5491016898 756402 1091210631 71419075 
5199052340 8431324973 16267691 58304355 8014178091 8227281082 58480980 13565534 7853111373 5579557945 68232985 48746026 9153303166 7488954555 68100472 67405619 88763813 3089836475 70153666 78153207 1861913201 2355169374 93160814 8772185 654697267 5491016898 0 1914329237 36826772 7388027171 
62702594 1904857 8462917409 4579511544 12687256 98256658 5853961975 4130188168 28540981 34655767 3410963862 3982242497 44433835 25708697 1517998633 5419898360 21962605 4774789 1214690770 3364939030 34632577 61740410 6054111516 1685643050 88487779 756402 1914329237 0 61538608 3732414194 
8205638318 776685702 42430453 99109858 5871396861 8402045663 7734396 92352722 167962515 9453182445 31264549 31465260 628219479 5725856546 66803132 36920412 3893799492 5861128930 12910173 4838033 195494697 6887154576 36702475 7496622 9678022778 1091210631 36826772 61538608 0 70755290 
22566844 17683714 2592167295 2906079153 90495130 33965604 2143593867 9537342155 16112772 42029198 8127240078 6282722974 41867042 87522974 8585616688 7996002027 7072771 96908265 945455373 5978725869 27249942 87806090 3732736029 431003962 74431651 71419075 7388027171 3732414194 70755290 0 
77
20 12
16 23
18 0
27 22
18 17
6 25
1 25
4 7
17 5
22 6
11 17
15 2
0 24
17 7
22 18
12 3
6 19
25 12
8 13
23 18
8 18
23 7
0 11
8 5
9 23
8 14
25 27
8 26
21 15
6 9
23 24
20 10
17 7
22 18
6 29
0 17
21 29
20 11
5 14
29 27
25 29
22 1
27 7
8 25
24 17
15 3
1 20
24 1
19 2
10 27
6 8
8 7
17 27
7 25
27 3
24 11
15 18
29 22
29 2
2 5
8 5
19 25
7 15
28 22
11 17
28 7
21 29
14 20
15 8
7 10
0 7
5 10
13 12
3 10
13 2
4 6
13 1
16
0 6793252616 65374395 4543110413 43167323 5023053399 55994692 265143463 63694621 3834766969 72014564 7889022106 54352634 2505932478 63578043 9090970845 
6793252616 0 90299960 2211854679 75012707 5796916127 2901095 9503698048 97940156 5500968489 53753406 9814872627 2125453 7398928411 76778815 8022795512 
65374395 90299960 0 79654697 8922543582 23773856 2054693114 38982008 9825677111 35506722 8342410134 49262145 5308732341 56742139 8075004954 38612488 
4543110413 2211854679 79654697 0 3297762552 37635320 7912672476 64827635 9977840536 50348059 9735785638 12535139 7529226909 28370481 8855736797 87402361 
43167323 75012707 8922543582 3297762552 0 5854534357 55861586 5174305669 61674349 2391940468 781883 2591391649 20724352 8843887806 51127243 92517948 
5023053399 5796916127 23773856 37635320 5854534357 0 54943552 4810946133 93555318 3414675744 3101039 359911898 69790547 646725065 29619005 6575592158 
55994692 2901095 2054693114 7912672476 55861586 54943552 0 80343836 4769562804 17290134 7711016117 10512328 5391447187 71832647 3390452222 40539707 
265143463 9503698048 38982008 64827635 5174305669 4810946133 80343836 0 9563794885 56140118 7650985695 85285844 5893642739 88574384 3488916154 43366595 
63694621 97940156 9825677111 9977840536 61674349 93555318 4769562804 9563794885 0 4678000152 7753516 8183121827 41512494 8663305789 32038781 8701669467 
3834766969 5500968489 35506722 50348059 2391940468 3414675744 17290134 56140118 4678000152 0 43084971 1629126433 33711200 3063624536 74082933 7065743504 
72014564 53753406 8342410134 9735785638 781883 3101039 7711016117 7650985695 7753516 43084971 0 49576253 3900474501 64177428 3827980608 66492743 
7889022106 9814872627 49262145 12535139 2591391649 359911898 10512328 85285844 8183121827 1629126433 49576253 0 8726265370 62506905 9363073369 80553250 
54352634 2125453 5308732341 7529226909 20724352 69790547 5391447187 5893642739 41512494 33711200 3900474501 8726265370 0 256684145 21269846 1039143829 
2505932478 7398928411 56742139 28370481 8843887806 646725065 71832647 88574384 8663305789 3063624536 64177428 62506905 256684145 0 61011348 8957249019 
63578043 76778815 8075004954 8855736797 51127243 29619005 3390452222 3488916154 32038781 74082933 3827980608 9363073369 21269846 61011348 0 22122684 
9090970845 8022795512 38612488 87402361 92517948 6575592158 40539707 43366595 8701669467 7065743504 66492743 80553250 1039143829 8957249019 22122684 0 
84
1 2
12 8
12 2
3 5
8 14
7 11
2 15
8 0
0 3
4 11
5 12
15 9
10 8
1 6
5 4
8 7
10 0
0 11
7 0
15 7
7 11
10 5
15 4
9 13
3 8
15 0
0 8
15 6
14 5
1 3
14 7
11 2
15 2
1 2
15 0
1 13
6 10
3 6
8 5
13 15
6 15
1 0
14 15
6 1
7 0
1 9
9 7
5 2
11 8
15 9
3 10
10 0
5 15
0 4
6 4
15 6
15 3
2 11
9 6
2 15
9 12
6 4
14 6
2 14
15 10
7 0
4 10
12 9
10 4
1 13
5 7
0 4
6 13
6 12
12 4
0 15
9 6
12 5
7 14
7 12
0 11
11 9
13 14
15 7
22
0 8987395460 81733255 746188951 50629622 4165357887 8740821 4048583659 38347571 1673227355 17731223 7288654749 37326144 8946422149 42901764 9707713464 60385739 6072864457 22307779 4209348157 35902015 4339804850 
8987395460 0 81959127 7993390121 32450679 4916454266 81839549 1394617401 14553599 4071494343 23344031 1875737145 84813014 5861454907 87544015 8931276361 50561169 867435628 70412865 4663228305 38617040 2896277591 
81733255 81959127 0 40705896 4270979501 54360383 5715560369 64466903 2578670093 41543724 57331407 63355162 8237348863 59469290 7389713656 62545993 6420157655 18700462 6990313172 17412651 5059750194 96427930 
746188951 7993390121 40705896 0 5049328106 20743052 9374055659 85641077 5968048027 42764446 3003972406 24364541 8692678849 33602395 8528497943 53795599 531336599 43068064 3732428539 83081886 202868865 26588305 
50629622 32450679 4270979501 5049328106 0 4451004440 58695661 5817927778 4664706 345490043 82637997 94802887 17167625 7141108639 16734476 1024955894 3658861 2775051957 45623224 896732826 86451436 2528650351 
4165357887 4916454266 54360383 20743052 4451004440 0 25398281 7820960347 23143006 5163676090 75927496 3695406968 70843126 3528901780 42637038 3390659925 6560038 2442199056 69787544 8384673614 8766412 5287077631 
8740821 81839549 5715560369 9374055659 58695661 25398281 0 1336404 8274079485 63134367 8772234560 22592528 9479764486 75072968 7052867732 82141179 1036377389 89935818 9801599539 86719319 3473081261 63791360 
4048583659 1394617401 64466903 85641077 5817927778 7820960347 1336404 0 5198217174 608834 9254232132 44436520 2925243513 15543769 1498328374 95392345 874680067 16191060 1813315644 36593728 9992832963 8904892 
38347571 14553599 2578670093 5968048027 4664706 23143006 8274079485 5198217174 0 7278381627 94016090 791338573 96133226 1208921349 56504221 6923719257 59085321 1548328751 35517862 5967848847 11018189 5053926482 
1673227355 4071494343 41543724 42764446 345490043 5163676090 63134367 608834 7278381627 0 67299042 7741868665 16395744 985943710 85048724 8522524069 58507459 6056367777 18078448 6952978225 96316934 4842591598 
17731223 23344031 57331407 3003972406 82637997 75927496 8772234560 9254232132 94016090 67299042 0 67800907 3664299688 2410512 801679541 6828350 8082549475 24283365 1154162470 83795629 259565698 58337231 
7288654749 1875737145 63355162 24364541 94802887 3695406968 22592528 44436520 791338573 7741868665 67800907 0 6703091169 54991973 7338490682 12749854 882105234 92971569 2727631808 20579435 1877791386 85316191 
37326144 84813014 8237348863 8692678849 17167625 70843126 9479764486 2925243513 96133226 16395744 3664299688 6703091169 0 8224690630 82466605 6396257059 15534112 4559542760 77418313 316832547 12049539 9429644565 
8946422149 5861454907 59469290 33602395 7141108639 3528901780 75072968 15543769 1208921349 985943710 2410512 54991973 8224690630 0 29031172 4751510540 93877378 1751999322 16986662 2238049981 61577116 965907052 
42901764 87544015 7389713656 8528497943 16734476 42637038 7052867732 1498328374 56504221 85048724 801679541 7338490682 82466605 29031172 0 63563884 3358383991 30387863 6482183916 7986659 7122302627 77619220 
9707713464 8931276361 62545993 53795599 1024955894 3390659925 82141179 95392345 6923719257 8522524069 6828350 12749854 6396257059 4751510540 63563884 0 130340181 25574555 106974594 59437139 6317764871 66666553 
60385739 50561169 6420157655 531336599 3658861 6560038 1036377389 874680067 59085321 58507459 8082549475 882105234 15534112 93877378 3358383991 130340181 0 2696374048 63718101 6393068156 53285649 128793217 
6072864457 867435628 18700462 43068064 2775051957 2442199056 89935818 16191060 1548328751 6056367777 24283365 92971569 4559542760 1751999322 30387863 25574555 2696374048 0 65674154 7066951421 85454792 3990281876 
22307779 70412865 6990313172 3732428539 45623224 69787544 9801599539 1813315644 35517862 18078448 1154162470 2727631808 77418313 16986662 6482183916 106974594 63718101 65674154 0 63925609 6259964201 70089349 
4209348157 4663228305 17412651 83081886 896732826 8384673614 86719319 36593728 5967848847 6952978225 83795629 20579435 316832547 2238049981 7986659 59437139 6393068156 7066951421 63925609 0 1750017439 9069126 
35902015 38617040 5059750194 202868865 86451436 8766412 3473081261 9992832963 11018189 96316934 259565698 1877791386 12049539 61577116 7122302627 6317764871 53285649 85454792 6259964201 1750017439 0 3651922781 
4339804850 2896277591 96427930 26588305 2528650351 5287077631 63791360 8904892 5053926482 4842591598 58337231 85316191 9429644565 965907052 77619220 66666553 128793217 3990281876 70089349 9069126 3651922781 0 
17
3 17
17 6
16 1
10 15
20 10
8 2
7 21
17 16
15 10
9 13
19 11
17 19
20 7
19 2
1 8
13 17
6 14
44
0 40697076 4386670932 65948787 613675943 77274387 2686670279 50108749 2973969626 97135746 1928645489 57480051 4768607060 77732150 8493334241 43948308 5057459537 72271671 9382206074 16554637 8117350133 21090706 8792826863 41577753 772725856 90792411 8937249090 30427078 8746683432 1259212 7258924888 43911681 4667013661 93840397 4342057827 91578240 2852353947 63153460 9927621830 56403637 8713093142 72899166 9604715290 92659734 
40697076 0 7808120762 2830615 7518743038 32276321 1459491651 25087302 6944994823 33179015 2478522114 78601279 1360361385 5911062 6852710799 8135600 7697508573 24616926 9298547134 96931607 4376025485 29074944 4505366516 64551346 6495396794 84894990 4679199970 25486284 6573218441 9573237 5892769693 94903379 5710117046 22116974 9984556711 48752484 1664835041 86906968 8388325775 83581776 401400190 59920142 8868258244 64980614 
4386670932 7808120762 0 9363053232 4978949 1450844375 58630581 1740499692 79721788 2697931927 44134607 2333655443 20028704 6474801997 12658335 1039115836 61819763 7019929359 9814809 5323329715 18631521 420854417 52758782 2170504785 27112148 5793954807 10495382 786997441 64773864 2909299805 62396465 4663215715 94876701 579945852 21409124 8216817419 88962553 747731772 33267564 647023917 81485049 6303949259 64779030 8623813897 
65948787 2830615 9363053232 0 5619384 7650689450 51895330 9207847120 99480774 9497510540 3245849 4006008131 63052815 5871093876 47793315 3657605246 66553306 4461593122 91881719 6564571768 30679855 5930227064 44640968 8993700955 19516872 3981714210 88219565 7745362421 44997353 8579199456 16306771 7942297673 76441345 8790613343 2951393 741850392 84884715 1771324481 81867551 5481075645 83918067 3455365962 41896907 5108363824 
613675943 7518743038 4978949 5619384 0 73408125 6755861353 45579406 7362310491 73799613 9528517128 23543670 8744895563 44784795 3319368051 76591396 3746827947 93760614 8224384992 21665281 2836075816 29793223 6571372362 47474061 6814224684 5053800 3368021099 90859627 512235406 26754911 7992886948 5144631 5069694003 34627504 1328578936 42326753 8444240423 9559808 3889484830 50731392 4161183645 3524494 8424141826 66110557 
77274387 32276321 1450844375 7650689450 73408125 0 3409614083 17907815 1247928718 61509233 736218766 95364431 7037074234 90123155 3357607180 97214924 4924850841 20878708 5073431792 3951445 2074480154 32894381 1276685327 74504904 2448197843 25182516 8866610863 17320143 2438992581 59113594 6323345237 696366 5189554605 73553081 7944548780 99139250 5094848593 71810241 8002397006 29346624 1651841809 92776542 6245478841 89492733 
2686670279 1459491651 58630581 51895330 6755861353 3409614083 0 1225008438 92870517 6460669808 43294733 5492074114 79130354 4577996857 11096248 2288247189 85327502 2654086800 98380597 9527214537 21318150 2398320771 59388250 5164378732 55942700 3539695687 60095031 8854622874 40370060 6321301787 66347221 5982321812 78374894 9568477457 21634947 4901907143 60859141 3181728026 62027206 4575975424 81178280 5056272705 6571618 8794333264 
50108749 25087302 1740499692 9207847120 45579406 17907815 1225008438 0 38859720 3062277871 96544726 9644999905 54236750 4885472220 54457705 8424129496 65657202 7677424070 82523629 7017674802 4853790 7114124428 5750820 9925353447 6122436 9576886452 4189957 8796530360 6915692 1452381627 48917743 192728133 53825024 7661400720 92771879 7345502209 77136666 2611997566 98706242 5098830787 49593925 9512025595 4699135 3854979623 
2973969626 6944994823 79721788 99480774 7362310491 1247928718 92870517 38859720 0 53711334 8589224309 43347048 5348062957 86390537 4735380879 82999734 1185833435 57397787 3540854741 5607980 4149813325 57351804 4163674541 32406857 7032545370 58218516 811607506 50731951 9034075307 18541105 7580788674 63300207 3213678000 98236863 9922449485 70405111 1320696884 97491380 7837267131 39811170 6597939767 19679410 7343488483 37036613 
97135746 33179015 2697931927 9497510540 73799613 61509233 6460669808 3062277871 53711334 0 5299419342 40636485 9124876811 96651605 3046944478 31075380 7677946726 50969580 6909602735 84360064 6625238766 54268551 5219761700 32930102 7558242056 62702336 9561840251 2653943 1662831131 20576675 8162579350 38434882 9655025900 24020728 231520522 97973218 5971452847 27109046 8530876671 43002987 7260008166 10579657 6133004462 16735766 
1928645489 2478522114 44134607 3245849 9528517128 736218766 43294733 96544726 8589224309 5299419342 0 1436001714 81203253 3089720341 6787184 8497827827 42878468 453740830 46756132 9855499033 55374889 1350245641 42579214 1945058210 80720604 4329216508 32107663 5466878189 39085403 3302025556 4412221 9228798908 39091903 2214926029 62402203 2212476583 99147270 1148494805 3821212 3768154500 69525254 6499484793 96104200 6725789423 
57480051 78601279 2333655443 4006008131 23543670 95364431 5492074114 9644999905 43347048 40636485 1436001714 0 90985717 6902808343 20047041 1419620601 36564803 7291355268 33895803 8327577851 89591621 8580420041 88730657 1022978626 34991727 7998018913 16404208 8367659591 79673318 7473762853 31186448 5696776654 84030419 7216218812 4218484 4374966230 25951564 1343526389 60765729 8356558195 82274008 8895984980 82402234 4665107081 
4768607060 1360361385 20028704 63052815 8744895563 7037074234 79130354 54236750 5348062957 9124876811 81203253 90985717 0 84767711 6797827223 14743058 1759512965 38555734 6439955120 49755101 393950783 99760692 1854484802 23623420 9986453470 2897723 8893842155 76376333 5345688725 80488652 450842289 22731322 4205117921 56770666 9838180495 58658990 43528883 75984143 2144618299 58302357 8459453689 54144112 5300632071 59658869 
77732150 5911062 6474801997 5871093876 44784795 90123155 4577996857 4885472220 86390537 96651605 3089720341 6902808343 84767711 0 6602524305 10174403 9730355310 16722711 7830748138 71541717 1719588872 96348589 8487874055 30683179 1077237781 31812663 3535299699 72097814 6456584049 19328151 132000354 97966234 4013898934 83800916 287866929 98966411 203333603 49546113 1703135706 76258506 4983731820 17909157 567083368 97074167 
