100
7
0 3 62 10 51 2 78 
3 0 4 10 6 2 8 
62 4 0 85 9 35 5 
10 10 85 0 92 2 36 
51 6 9 92 0 6 90 
2 2 35 2 6 0 9 
78 8 5 36 90 9 0 
54
0 2
2 3
1 6
6 2
3 4
3 4
5 3
4 2
1 2
0 4
5 2
2 5
2 6
5 2
0 4
0 2
5 0
6 4
0 1
0 3
3 0
4 2
3 4
0 3
1 4
4 1
1 2
0 5
3 2
0 1
5 0
1 0
2 6
2 0
5 2
3 2
5 2
6 4
2 1
2 5
0 4
6 5
6 3
5 3
5 6
1 6
5 2
5 3
4 2
0 4
4 5
3 0
0 4
6 2
5
0 30 8 48 5 
30 0 25 10 85 
8 25 0 10 68 
48 10 10 0 3 
5 85 68 3 0 
7
2 4
1 4
3 1
0 4
2 0
2 4
4 3
10
0 57 3 45 1 91 9 51 1 72 
57 0 5 20 5 12 1 18 9 7 
3 5 0 9 18 8 35 9 57 7 
45 20 9 0 50 9 27 5 39 8 
1 5 18 50 0 99 1 59 8 33 
91 12 8 9 99 0 4 21 4 29 
9 1 35 27 1 4 0 2 90 5 
51 18 9 5 59 21 2 0 65 2 
1 9 57 39 8 4 90 65 0 58 
72 7 7 8 33 29 5 2 58 0 
5
0 3
9 3
7 6
2 7
5 7
7
0 5 47 2 37 4 19 
5 0 7 28 5 48 4 
47 7 0 92 4 30 5 
2 28 92 0 40 10 59 
37 5 4 40 0 2 54 
4 48 30 10 2 0 8 
19 4 5 59 54 8 0 
60
6 0
5 0
1 2
6 2
3 5
4 3
4 6
1 5
5 3
2 6
3 1
1 6
4 3
0 6
4 1
1 5
6 4
6 2
1 5
0 5
1 6
2 3
5 0
1 4
2 0
6 1
6 3
2 1
0 2
2 1
2 4
4 6
4 1
5 6
4 3
2 6
6 5
3 6
0 5
3 1
0 5
2 4
3 1
5 4
2 4
5 6
2 3
3 5
1 5
0 3
3 0
5 2
2 6
1 6
6 4
5 2
2 0
5 1
4 2
6 1
3
0 20 8 
20 0 3 
8 3 0 
86
0 1
0 1
2 1
1 2
0 1
2 1
0 1
0 2
0 2
0 2
0 2
2 1
1 2
2 0
1 2
0 2
2 0
1 0
0 1
2 1
1 2
1 2
0 1
2 1
2 0
2 0
1 0
2 0
1 2
1 0
2 0
1 0
0 2
0 2
1 2
1 2
2 1
0 1
2 0
1 0
2 1
1 2
2 1
2 1
0 2
0 1
1 2
2 1
1 2
2 1
1 0
2 1
2 1
0 1
1 2
2 0
2 0
1 2
0 1
1 2
2 0
2 0
1 0
2 0
0 1
0 1
0 2
0 2
2 0
0 1
0 1
1 0
2 1
2 0
2 0
0 2
1 0
1 2
0 2
0 1
1 0
0 2
2 0
0 2
1 0
1 0
6
0 8 75 1 91 5 
8 0 15 3 64 9 
75 15 0 84 4 48 
1 3 84 0 7 21 
91 64 4 7 0 4 
5 9 48 21 4 0 
87
5 0
3 4
0 2
3 2
4 0
1 3
3 2
3 2
0 1
4 3
4 0
1 4
3 1
2 3
4 1
3 1
4 2
1 4
4 5
0 4
3 0
5 4
4 3
3 4
1 3
3 5
4 5
1 0
4 3
1 0
4 3
2 5
4 2
5 1
5 2
5 3
4 0
1 3
2 3
0 2
3 1
2 4
0 2
5 4
2 1
5 0
3 2
1 3
5 2
3 4
2 0
0 4
4 2
5 3
3 4
1 5
2 1
4 5
5 2
2 3
4 2
1 5
4 3
0 1
5 1
2 3
1 0
0 2
4 1
4 5
5 2
0 4
2 4
2 4
3 1
1 0
4 5
4 5
5 3
4 5
5 2
3 2
5 3
0 3
1 5
5 1
3 1
8
0 26 8 33 8 80 10 70 
26 0 3 66 3 37 10 86 
8 3 0 9 92 2 71 9 
33 66 9 0 18 3 38 9 
8 3 92 18 0 63 6 94 
80 37 2 3 63 0 3 50 
10 10 71 38 6 3 0 3 
70 86 9 9 94 50 3 0 
99
6 1
6 5
0 7
6 4
3 0
4 5
4 0
4 6
2 6
2 4
6 3
4 6
5 2
2 0
2 1
1 7
3 0
6 2
7 0
4 6
4 5
0 4
0 2
5 6
5 6
2 0
4 3
0 6
4 5
2 1
7 0
7 1
5 0
3 5
7 1
3 1
0 3
4 3
5 2
3 0
5 4
0 7
7 0
4 2
1 5
6 2
7 3
0 3
7 0
0 1
5 2
7 0
1 7
4 5
5 7
7 0
1 2
2 7
6 7
3 6
6 2
6 2
5 0
4 5
2 3
0 4
2 7
6 5
4 7
2 1
6 5
6 3
0 6
6 5
0 5
2 3
2 7
7 2
4 6
0 6
3 6
2 3
7 3
4 0
2 4
0 1
7 5
6 1
4 6
3 5
3 2
5 4
4 7
2 6
3 5
5 1
1 7
4 0
0 2
2
0 89 
89 0 
61
1 0
1 0
0 1
0 1
1 0
0 1
0 1
1 0
1 0
0 1
1 0
0 1
0 1
1 0
0 1
0 1
1 0
0 1
1 0
0 1
0 1
0 1
0 1
1 0
0 1
0 1
0 1
1 0
0 1
0 1
0 1
1 0
1 0
1 0
0 1
0 1
1 0
0 1
1 0
1 0
1 0
0 1
1 0
1 0
1 0
1 0
1 0
1 0
1 0
0 1
1 0
0 1
1 0
1 0
0 1
1 0
0 1
0 1
0 1
1 0
0 1
6
0 2 11 1 33 7 
2 0 81 3 46 2 
11 81 0 5 9 49 
1 3 5 0 2 95 
33 46 9 2 0 10 
7 2 49 95 10 0 
47
5 1
0 1
0 4
4 0
5 3
0 3
5 0
5 1
1 5
3 1
2 5
0 5
1 3
1 4
0 2
3 4
4 0
1 3
4 0
3 5
5 1
2 5
5 2
2 4
5 3
3 1
1 5
5 3
0 4
0 2
4 3
3 2
0 4
3 2
5 0
2 4
3 2
5 2
4 5
3 1
0 5
1 0
4 2
3 1
1 2
1 0
3 2
8
0 11 10 31 4 71 9 19 
11 0 2 57 7 70 9 59 
10 2 0 2 16 10 31 2 
31 57 2 0 64 5 82 3 
4 7 16 64 0 66 3 31 
71 70 10 5 66 0 9 73 
9 9 31 82 3 9 0 8 
19 59 2 3 31 73 8 0 
72
0 5
6 1
1 5
5 1
7 0
4 0
1 5
2 4
4 6
3 6
6 5
0 5
1 7
3 6
3 4
7 3
7 3
6 1
3 1
6 7
0 1
6 4
4 0
5 2
3 1
4 6
1 5
4 0
0 3
1 5
0 6
6 7
1 3
6 2
2 5
6 0
7 5
1 4
0 4
2 5
4 3
0 3
0 4
4 6
5 4
2 5
0 2
5 4
4 1
3 5
1 5
1 0
0 6
6 2
1 4
2 1
3 1
2 5
5 6
7 1
1 5
0 7
5 7
1 7
6 3
1 4
1 6
1 0
2 6
0 2
6 7
1 5
6
0 93 4 46 6 50 
93 0 6 12 7 66 
4 6 0 8 92 1 
46 12 8 0 13 1 
6 7 92 13 0 21 
50 66 1 1 21 0 
62
2 5
2 4
1 2
4 3
0 5
0 2
4 1
3 2
0 2
2 3
3 4
0 1
1 2
0 3
1 5
3 0
5 1
0 4
4 0
0 5
5 1
3 5
5 0
1 2
1 3
1 5
4 2
4 2
4 0
2 0
2 5
0 5
4 2
1 5
3 4
3 5
2 5
0 1
3 2
5 1
5 1
3 1
5 3
1 0
3 5
4 1
2 3
0 2
1 2
2 0
0 3
2 4
1 2
4 2
5 3
0 2
0 4
3 2
1 2
5 4
4 1
4 3
10
0 3 12 6 16 8 99 7 46 9 
3 0 95 10 21 10 88 2 31 5 
12 95 0 76 2 20 10 70 2 65 
6 10 76 0 7 67 7 44 6 51 
16 21 2 7 0 8 27 4 22 7 
8 10 20 67 8 0 50 8 15 3 
99 88 10 7 27 50 0 18 7 88 
7 2 70 44 4 8 18 0 7 99 
46 31 2 6 22 15 7 7 0 6 
9 5 65 51 7 3 88 99 6 0 
42
2 5
5 8
7 2
7 5
0 7
6 1
0 4
2 0
8 6
1 5
6 8
2 8
2 0
1 4
1 6
2 8
0 4
1 4
1 6
3 1
0 9
2 8
6 4
7 4
2 0
5 1
4 1
7 1
0 4
2 3
4 2
2 6
4 1
5 7
2 8
2 5
6 1
8 2
3 1
8 0
2 4
4 0
6
0 74 8 14 9 87 
74 0 1 33 10 3 
8 1 0 8 91 10 
14 33 8 0 58 10 
9 10 91 58 0 84 
87 3 10 10 84 0 
19
2 4
0 4
4 0
2 0
5 0
0 3
5 2
3 0
5 1
5 1
5 2
1 5
4 5
2 3
4 5
2 1
1 4
4 1
4 2
10
0 4 95 7 40 1 99 10 33 5 
4 0 97 7 37 10 48 9 29 1 
95 97 0 75 8 29 3 97 3 89 
7 7 75 0 10 48 4 86 10 27 
40 37 8 10 0 3 13 3 74 7 
1 10 29 48 3 0 98 7 58 4 
99 48 3 4 13 98 0 6 10 89 
10 9 97 86 3 7 6 0 8 45 
33 29 3 10 74 58 10 8 0 2 
5 1 89 27 7 4 89 45 2 0 
14
3 7
5 6
5 2
8 1
7 2
8 1
0 9
5 4
8 2
1 0
5 6
5 9
1 0
2 1
10
0 6 10 51 8 81 7 79 9 38 
6 0 5 47 2 15 7 75 5 29 
10 5 0 10 27 9 27 10 96 6 
51 47 10 0 14 4 75 4 100 9 
8 2 27 14 0 13 8 68 3 18 
81 15 9 4 13 0 10 17 9 25 
7 7 27 75 8 10 0 10 1 2 
79 75 10 4 68 17 10 0 64 10 
9 5 96 100 3 9 1 64 0 51 
38 29 6 9 18 25 2 10 51 0 
93
4 0
0 2
9 7
2 3
0 6
1 3
3 2
3 8
2 7
6 5
2 8
5 2
4 6
8 5
6 0
6 9
6 1
3 2
6 3
2 9
4 7
2 5
9 2
1 6
3 6
7 3
1 5
3 9
9 3
9 0
4 6
5 7
1 5
6 4
4 5
1 8
5 0
4 2
2 5
3 2
3 9
8 9
9 3
2 3
3 9
2 8
4 6
6 4
1 5
9 7
6 7
4 6
6 5
0 7
7 8
8 6
8 2
6 4
1 7
2 4
1 6
3 7
7 5
6 2
9 4
2 6
5 1
5 2
7 5
0 8
7 2
9 0
6 5
2 1
1 2
3 4
8 2
5 2
7 1
5 3
0 3
4 0
2 1
3 2
5 0
9 2
6 5
3 2
8 0
6 7
9 7
9 8
8 7
2
0 3 
3 0 
19
1 0
0 1
1 0
0 1
0 1
1 0
1 0
1 0
1 0
0 1
0 1
0 1
0 1
0 1
0 1
0 1
1 0
1 0
0 1
6
0 45 1 4 7 59 
45 0 4 49 10 92 
1 4 0 6 60 2 
4 49 6 0 58 10 
7 10 60 58 0 51 
59 92 2 10 51 0 
55
5 3
3 4
1 3
1 5
5 4
4 2
1 5
1 2
5 0
1 2
2 3
1 5
4 0
0 2
2 5
2 3
3 0
4 1
3 4
0 5
1 0
0 2
4 3
0 4
0 2
3 1
2 0
1 0
2 4
3 4
3 2
4 5
4 2
3 4
3 5
5 0
0 4
4 3
1 5
3 2
5 1
2 1
5 2
5 2
0 5
5 3
3 2
3 0
4 2
3 0
2 0
1 3
2 0
4 3
4 1
8
0 8 56 8 58 8 60 3 
8 0 64 4 83 8 71 3 
56 64 0 72 5 46 2 59 
8 4 72 0 6 31 2 12 
58 83 5 6 0 2 9 1 
8 8 46 31 2 0 24 1 
60 71 2 2 9 24 0 76 
3 3 59 12 1 1 76 0 
19
4 2
0 5
2 0
4 0
1 4
0 7
4 3
3 6
0 5
3 4
0 5
2 3
3 6
0 1
0 6
6 5
1 7
1 7
3 4
10
0 1 52 8 29 2 8 5 70 5 
1 0 35 10 98 2 46 8 23 10 
52 35 0 22 2 25 2 87 3 69 
8 10 22 0 3 91 3 39 10 40 
29 98 2 3 0 6 80 1 37 7 
2 2 25 91 6 0 68 7 60 5 
8 46 2 3 80 68 0 95 3 16 
5 8 87 39 1 7 95 0 10 32 
70 23 3 10 37 60 3 10 0 9 
5 10 69 40 7 5 16 32 9 0 
41
1 4
6 3
2 3
2 0
7 8
3 9
7 9
7 5
5 7
4 5
4 5
1 8
4 3
1 6
3 9
6 5
2 3
3 7
2 6
5 3
5 3
3 1
8 1
9 3
6 4
6 9
2 5
5 3
7 4
1 4
5 6
1 5
5 3
8 2
7 2
3 2
4 3
9 2
5 8
9 7
9 6
7
0 32 9 8 1 4 6 
32 0 21 3 69 3 2 
9 21 0 5 54 6 2 
8 3 5 0 4 40 5 
1 69 54 4 0 62 10 
4 3 6 40 62 0 33 
6 2 2 5 10 33 0 
23
0 5
0 4
3 6
2 4
5 6
4 5
0 1
2 0
1 4
4 2
4 6
0 1
4 1
2 3
6 3
5 6
5 1
2 6
6 1
5 4
2 1
2 5
6 1
3
0 5 59 
5 0 9 
59 9 0 
52
1 2
0 2
0 2
2 1
2 1
2 1
1 2
1 0
1 0
0 1
1 2
1 0
1 2
1 2
1 0
2 0
2 0
1 2
2 1
2 1
2 0
2 0
0 2
0 1
2 1
0 1
0 1
0 1
1 2
2 0
1 2
2 0
2 1
2 1
0 1
1 2
0 1
0 1
0 2
2 0
1 0
1 0
2 0
2 0
2 0
2 0
2 1
2 0
1 2
0 2
1 0
0 1
8
0 34 1 49 8 65 7 11 
34 0 8 26 6 79 10 7 
1 8 0 10 33 8 88 5 
49 26 10 0 7 3 99 9 
8 6 33 7 0 95 5 4 
65 79 8 3 95 0 2 50 
7 10 88 99 5 2 0 2 
11 7 5 9 4 50 2 0 
13
1 7
4 7
0 2
0 2
6 2
2 0
0 6
4 1
0 5
3 7
6 0
7 2
2 5
2
0 7 
7 0 
63
1 0
1 0
1 0
1 0
0 1
1 0
0 1
1 0
0 1
1 0
1 0
0 1
0 1
0 1
0 1
0 1
1 0
1 0
0 1
0 1
0 1
1 0
0 1
0 1
1 0
0 1
0 1
0 1
1 0
1 0
0 1
1 0
1 0
1 0
0 1
0 1
1 0
0 1
1 0
1 0
1 0
0 1
0 1
0 1
0 1
0 1
1 0
0 1
0 1
1 0
1 0
1 0
1 0
1 0
1 0
0 1
0 1
0 1
0 1
0 1
1 0
1 0
0 1
7
0 10 88 4 60 1 18 
10 0 2 18 4 100 5 
88 2 0 36 9 23 6 
4 18 36 0 23 5 40 
60 4 9 23 0 1 82 
1 100 23 5 1 0 8 
18 5 6 40 82 8 0 
32
5 2
2 1
5 0
6 1
5 3
5 0
1 4
3 4
5 6
1 3
0 6
6 0
1 4
3 2
0 5
0 3
3 0
4 6
3 1
4 2
4 3
4 0
5 1
0 4
5 6
6 2
5 3
3 2
2 1
6 4
6 5
4 0
9
0 19 3 13 1 91 9 84 4 
19 0 29 10 20 6 95 5 69 
3 29 0 2 21 9 100 5 18 
13 10 2 0 7 3 9 64 7 
1 20 21 7 0 15 6 6 10 
91 6 9 3 15 0 10 4 86 
9 95 100 9 6 10 0 3 6 
84 5 5 64 6 4 3 0 9 
4 69 18 7 10 86 6 9 0 
100
0 2
0 3
1 3
5 7
1 0
8 0
8 3
7 2
1 0
1 6
1 7
7 4
6 3
7 4
0 2
2 3
0 2
5 7
3 4
1 2
4 6
4 0
8 1
0 3
3 1
5 0
8 3
3 5
7 1
3 7
0 6
2 3
5 0
4 5
6 8
6 1
1 8
3 0
0 3
5 2
6 5
8 7
5 2
6 0
4 5
8 2
8 5
3 8
4 1
7 1
0 7
4 3
5 0
1 8
4 8
3 2
3 4
7 0
4 5
3 4
0 2
4 7
0 7
7 1
1 6
7 5
0 8
8 2
2 1
6 3
2 8
7 8
0 6
7 3
0 5
5 3
0 7
7 6
7 1
7 6
5 6
8 2
6 5
4 8
5 6
3 7
2 6
8 7
2 5
8 0
8 3
8 0
4 2
5 2
1 6
6 1
6 8
7 5
3 8
0 5
10
0 1 7 52 7 90 3 70 3 44 
1 0 4 89 2 89 7 11 2 7 
7 4 0 8 49 4 78 9 26 2 
52 89 8 0 100 8 84 4 86 3 
7 2 49 100 0 40 3 10 9 92 
90 89 4 8 40 0 5 12 10 100 
3 7 78 84 3 5 0 5 88 2 
70 11 9 4 10 12 5 0 54 6 
3 2 26 86 9 10 88 54 0 54 
44 7 2 3 92 100 2 6 54 0 
53
3 8
5 3
0 6
1 7
1 7
3 0
3 4
1 3
9 2
0 5
0 8
4 5
9 2
2 4
6 4
3 0
2 1
8 1
7 5
6 1
8 5
6 7
7 5
3 7
3 4
8 4
3 4
8 9
9 4
8 5
9 6
5 2
4 3
7 2
6 2
0 4
8 9
7 9
2 3
2 1
6 9
8 2
2 4
9 0
8 6
7 3
2 4
6 0
6 1
0 9
4 8
4 1
1 0
9
0 7 74 2 20 5 77 9 84 
7 0 3 84 10 2 2 19 8 
74 3 0 45 6 20 5 22 5 
2 84 45 0 5 6 6 8 67 
20 10 6 5 0 9 89 9 77 
5 2 20 6 9 0 2 15 3 
77 2 5 6 89 2 0 30 8 
9 19 22 8 9 15 30 0 43 
84 8 5 67 77 3 8 43 0 
88
8 7
5 0
5 7
7 6
3 4
5 4
2 6
6 1
1 4
6 7
3 4
5 2
4 2
7 0
3 2
5 3
5 3
0 5
7 3
1 3
0 4
7 8
1 7
3 5
1 0
7 3
6 2
6 4
0 6
8 7
2 0
8 0
0 2
7 1
7 8
7 0
5 3
4 7
3 5
0 8
6 7
7 0
6 7
5 6
3 4
8 7
6 0
2 7
5 4
3 1
1 0
2 1
0 5
3 0
8 2
3 1
8 3
2 4
5 6
5 3
5 8
4 0
1 2
5 6
1 0
4 1
0 1
1 6
0 1
3 4
0 8
7 6
6 2
7 8
2 6
4 0
2 1
6 1
4 1
7 0
5 6
8 4
5 3
6 8
6 4
5 8
6 0
1 8
6
0 8 50 10 80 2 
8 0 45 2 71 3 
50 45 0 8 7 58 
10 2 8 0 1 83 
80 71 7 1 0 6 
2 3 58 83 6 0 
84
2 3
0 3
3 0
4 1
0 3
2 0
5 4
5 2
1 5
2 4
0 3
1 3
2 3
4 3
0 3
2 5
5 2
2 0
0 3
3 1
2 3
1 5
4 2
5 1
1 3
5 2
3 5
5 0
2 1
5 1
2 3
5 4
4 3
0 4
0 3
5 0
1 4
5 0
0 1
2 5
5 1
4 2
2 5
2 0
1 4
1 2
1 4
5 2
1 2
2 4
1 4
4 5
1 0
0 3
3 4
3 0
5 1
5 0
3 1
2 4
5 4
5 4
4 0
4 0
0 4
0 5
1 4
2 5
2 0
1 5
0 3
0 1
5 0
2 3
3 4
4 1
1 3
1 5
2 1
0 3
3 5
3 5
1 2
2 5
6
0 14 10 86 4 23 
14 0 7 23 9 11 
10 7 0 5 32 7 
86 23 5 0 40 7 
4 9 32 40 0 78 
23 11 7 7 78 0 
28
0 4
4 2
0 5
1 5
0 1
5 3
2 0
5 0
1 0
5 1
1 2
3 0
1 2
0 1
4 5
1 3
5 3
5 0
1 4
2 0
2 5
5 0
4 0
5 4
1 4
1 4
0 3
3 0
8
0 5 100 5 71 3 74 3 
5 0 96 7 88 6 7 9 
100 96 0 41 7 80 3 6 
5 7 41 0 1 85 1 68 
71 88 7 1 0 10 55 3 
3 6 80 85 10 0 94 1 
74 7 3 1 55 94 0 39 
3 9 6 68 3 1 39 0 
67
6 4
0 5
6 4
2 0
1 4
1 4
3 4
4 2
2 6
6 7
4 1
4 5
5 1
4 3
3 2
6 1
3 2
4 7
2 1
3 4
2 3
0 5
3 2
1 6
3 2
4 1
3 5
4 0
1 2
2 4
5 2
4 1
1 3
3 7
2 5
1 3
3 1
3 6
0 5
4 0
2 5
4 7
1 4
0 7
0 2
6 2
5 0
5 6
4 6
4 2
4 0
7 5
5 6
1 4
5 0
5 2
3 6
3 0
0 2
1 2
4 2
7 5
2 6
6 5
1 4
0 7
1 7
3
0 5 43 
5 0 3 
43 3 0 
37
1 2
1 0
1 2
1 2
0 2
1 0
1 2
2 0
1 2
0 2
0 1
2 0
0 1
2 1
1 0
0 1
2 1
2 0
0 1
1 2
0 1
2 1
0 2
0 2
0 2
2 0
2 1
0 1
0 2
1 2
0 2
2 0
1 0
2 1
0 1
1 0
1 2
2
0 89 
89 0 
26
0 1
0 1
0 1
1 0
1 0
1 0
0 1
1 0
0 1
0 1
1 0
0 1
1 0
1 0
1 0
0 1
0 1
1 0
1 0
1 0
1 0
1 0
0 1
1 0
0 1
1 0
2
0 10 
10 0 
98
1 0
1 0
1 0
0 1
1 0
1 0
0 1
1 0
1 0
0 1
1 0
1 0
1 0
0 1
0 1
0 1
1 0
0 1
1 0
1 0
1 0
1 0
1 0
0 1
0 1
1 0
1 0
1 0
1 0
0 1
0 1
0 1
1 0
0 1
0 1
1 0
0 1
1 0
1 0
0 1
1 0
1 0
1 0
1 0
1 0
1 0
1 0
1 0
0 1
0 1
1 0
0 1
0 1
0 1
1 0
0 1
0 1
0 1
0 1
0 1
1 0
0 1
1 0
1 0
0 1
0 1
0 1
0 1
1 0
0 1
1 0
1 0
1 0
0 1
0 1
0 1
0 1
1 0
1 0
0 1
0 1
0 1
0 1
0 1
0 1
1 0
0 1
0 1
0 1
1 0
1 0
0 1
0 1
0 1
1 0
1 0
0 1
1 0
4
0 4 5 76 
4 0 4 10 
5 4 0 8 
76 10 8 0 
100
3 0
0 2
1 0
1 3
1 3
1 0
3 2
1 0
3 1
0 1
2 3
2 3
3 2
3 1
1 2
0 1
3 2
1 0
3 2
0 3
3 2
0 1
3 0
0 3
1 2
0 1
2 1
3 1
3 0
1 0
2 3
1 3
1 3
3 1
0 2
0 3
1 3
1 3
0 1
3 2
1 0
0 3
1 2
0 1
1 0
1 3
3 0
2 0
1 3
2 0
2 0
0 2
2 0
2 1
3 2
3 0
2 1
3 0
1 3
0 3
1 2
0 2
1 0
0 1
0 1
1 2
1 2
1 3
2 3
3 0
3 1
0 1
2 0
0 1
2 3
2 3
0 2
1 0
0 3
0 2
1 0
1 2
0 2
1 3
1 2
2 3
0 2
2 3
2 1
2 3
1 3
3 2
1 0
0 2
3 2
2 0
3 2
0 3
2 1
1 0
5
0 16 10 79 1 
16 0 60 5 26 
10 60 0 5 92 
79 5 5 0 4 
1 26 92 4 0 
4
3 2
4 0
0 1
4 2
5
0 65 7 34 6 
65 0 24 1 21 
7 24 0 7 65 
34 1 7 0 6 
6 21 65 6 0 
23
0 3
3 4
2 1
1 0
4 2
2 3
4 0
4 0
1 3
1 0
4 3
1 3
3 2
2 0
2 1
2 1
4 0
1 0
3 4
1 4
3 0
4 3
0 4
3
0 59 6 
59 0 58 
6 58 0 
100
1 2
2 1
1 0
0 1
2 1
1 0
2 0
2 0
2 0
2 0
2 1
0 2
2 0
2 0
2 1
2 1
2 0
1 0
2 0
2 0
0 2
2 1
2 0
0 1
2 1
0 1
0 1
2 1
0 2
1 2
1 2
1 2
0 1
1 2
2 1
1 2
1 0
0 1
2 0
0 2
2 1
2 0
0 1
0 2
2 0
1 2
2 0
0 2
2 1
2 0
1 2
1 2
0 2
2 1
2 1
2 0
1 2
0 2
2 1
0 2
2 1
0 1
0 1
1 0
1 2
1 0
1 0
1 0
1 0
1 0
1 0
1 0
2 0
1 2
0 1
0 2
2 1
0 2
1 0
2 0
1 2
2 1
1 2
1 0
2 0
1 2
0 1
0 1
2 1
2 1
1 2
0 1
0 1
1 0
2 0
2 0
0 1
1 0
1 2
0 1
5
0 4 67 3 4 
4 0 5 27 9 
67 5 0 52 2 
3 27 52 0 47 
4 9 2 47 0 
55
3 2
1 0
4 1
0 2
1 4
4 2
4 2
3 2
0 3
0 3
2 3
1 0
0 4
3 4
1 2
2 1
2 4
2 0
3 1
2 1
1 0
0 1
4 3
3 2
0 4
4 3
1 3
4 2
2 3
2 0
2 1
3 1
3 4
1 3
1 4
0 1
0 2
4 3
4 0
3 2
0 2
1 0
0 3
0 2
1 0
2 1
3 4
0 1
1 4
0 3
4 0
2 1
2 4
3 2
2 1
8
0 1 94 9 66 6 91 10 
1 0 84 7 89 4 31 8 
94 84 0 95 7 20 6 70 
9 7 95 0 8 10 6 9 
66 89 7 8 0 6 95 9 
6 4 20 10 6 0 70 1 
91 31 6 6 95 70 0 22 
10 8 70 9 9 1 22 0 
94
6 5
7 1
1 5
2 7
2 7
1 3
4 1
0 6
2 6
6 3
1 3
1 7
7 5
6 3
4 3
5 3
0 7
0 5
5 4
4 1
3 1
0 3
4 1
2 3
4 7
0 5
7 3
1 3
7 0
0 3
5 4
1 6
4 0
7 4
6 1
1 5
7 1
1 0
5 1
4 2
7 3
1 2
0 5
3 7
2 4
5 7
6 5
7 6
1 6
0 7
2 3
5 6
6 5
6 2
2 0
1 7
4 0
5 3
4 6
6 0
1 6
2 6
7 6
7 1
7 0
7 5
0 7
0 6
5 7
1 6
2 5
1 0
5 0
2 5
0 7
2 6
0 2
3 7
4 6
3 7
0 7
2 4
1 6
7 1
6 1
3 5
0 1
4 5
4 5
2 0
4 3
4 3
3 7
5 7
3
0 4 47 
4 0 8 
47 8 0 
21
1 2
1 0
0 1
0 2
0 1
1 0
1 2
2 1
2 0
2 1
0 1
2 0
1 2
2 1
1 0
2 1
1 0
0 2
2 0
2 0
2 1
3
0 71 4 
71 0 78 
4 78 0 
88
1 2
0 2
2 0
2 1
2 1
0 2
1 2
2 1
2 1
2 0
1 2
1 2
0 2
0 2
2 0
2 0
1 0
2 1
2 1
1 2
1 2
2 0
2 1
1 0
2 0
0 1
1 0
0 1
0 2
1 2
2 0
2 0
1 0
0 2
2 0
0 2
0 2
0 2
0 2
1 2
0 2
1 0
0 1
2 1
0 1
1 0
2 0
2 0
1 2
0 2
0 2
1 0
0 1
2 0
1 2
1 0
0 1
1 2
2 0
2 1
1 2
1 2
2 0
0 1
0 1
0 1
1 2
1 2
0 2
2 1
1 2
2 0
2 0
1 0
1 2
1 2
0 2
1 0
2 1
2 1
2 0
1 2
0 2
1 0
1 2
0 2
2 0
1 2
6
0 8 49 1 80 8 
8 0 97 6 94 6 
49 97 0 25 9 8 
1 6 25 0 10 72 
80 94 9 10 0 1 
8 6 8 72 1 0 
11
4 5
1 4
1 3
5 1
5 4
5 3
3 5
0 5
2 4
0 1
0 3
5
0 86 3 57 5 
86 0 58 6 84 
3 58 0 8 45 
57 6 8 0 5 
5 84 45 5 0 
14
0 4
1 0
1 0
4 0
1 3
3 1
4 0
1 0
1 0
4 3
1 2
1 3
0 4
3 4
8
0 28 7 67 3 37 2 32 
28 0 10 42 7 1 8 65 
7 10 0 5 12 10 32 8 
67 42 5 0 17 2 95 3 
3 7 12 17 0 22 9 48 
37 1 10 2 22 0 3 4 
2 8 32 95 9 3 0 9 
32 65 8 3 48 4 9 0 
18
3 4
4 5
1 2
4 5
5 1
6 4
2 0
5 6
0 2
0 5
7 4
7 2
4 6
2 1
0 7
0 5
5 4
1 4
6
0 95 1 51 3 95 
95 0 9 2 2 74 
1 9 0 9 63 8 
51 2 9 0 57 3 
3 2 63 57 0 87 
95 74 8 3 87 0 
31
2 4
1 3
2 5
2 4
3 4
1 4
2 0
1 4
4 2
0 3
1 4
4 0
0 5
0 2
5 4
5 3
3 1
2 1
3 1
5 0
0 3
5 2
3 1
1 5
0 3
2 1
4 0
1 5
2 5
1 5
5 1
7
0 8 73 9 10 9 3 
8 0 7 93 9 20 7 
73 7 0 52 9 36 1 
9 93 52 0 82 4 44 
10 9 9 82 0 4 40 
9 20 36 4 4 0 6 
3 7 1 44 40 6 0 
89
6 3
3 2
2 0
5 0
2 3
0 6
1 3
5 4
2 5
0 3
4 5
2 5
5 3
5 4
1 0
6 4
1 6
3 2
5 3
5 6
1 6
6 2
0 4
5 2
1 2
3 4
2 6
4 0
4 3
4 1
6 5
6 3
5 0
4 5
5 1
1 0
1 2
6 1
6 4
5 6
6 0
5 3
5 0
5 0
2 6
5 1
1 6
6 3
0 4
4 6
0 6
1 0
5 0
1 4
1 0
2 5
5 0
0 6
3 0
2 0
4 1
5 4
0 5
0 5
4 3
3 2
0 5
4 3
4 0
1 4
6 2
1 3
5 6
2 3
3 0
4 3
6 5
1 0
2 0
4 2
2 0
5 1
4 0
5 2
3 5
1 0
4 1
0 5
6 2
9
0 40 10 48 6 78 6 73 2 
40 0 84 1 17 7 62 7 86 
10 84 0 10 43 2 88 6 31 
48 1 10 0 7 61 5 33 6 
6 17 43 7 0 89 1 100 1 
78 7 2 61 89 0 20 1 33 
6 62 88 5 1 20 0 6 94 
73 7 6 33 100 1 6 0 3 
2 86 31 6 1 33 94 3 0 
73
8 4
1 8
6 2
6 1
2 4
7 8
3 4
3 5
3 7
8 6
7 1
3 2
2 8
2 4
1 7
4 0
7 6
3 0
8 0
6 1
1 3
7 3
1 2
2 8
1 7
8 7
2 1
3 4
5 0
0 4
0 4
3 5
5 6
4 3
6 3
2 5
4 1
2 0
5 8
8 3
0 6
1 6
0 7
5 8
5 4
5 6
7 4
3 6
1 7
2 3
3 0
2 0
7 8
0 8
3 8
7 3
6 3
7 8
4 6
3 6
0 5
5 6
8 5
7 4
1 6
3 0
3 6
1 0
3 2
6 1
8 4
3 0
4 3
3
0 76 2 
76 0 95 
2 95 0 
12
1 2
1 2
0 2
2 1
1 0
2 0
0 1
2 0
0 2
2 1
0 1
2 1
7
0 9 16 8 25 6 52 
9 0 9 48 8 71 4 
16 9 0 61 4 20 4 
8 48 61 0 90 10 11 
25 8 4 90 0 10 75 
6 71 20 10 10 0 8 
52 4 4 11 75 8 0 
75
2 0
3 2
1 2
1 4
5 0
3 1
4 1
1 4
6 3
6 2
4 5
3 4
1 0
4 0
1 2
1 4
2 6
6 3
1 3
2 4
1 0
5 3
5 6
1 4
1 6
3 4
2 4
4 3
1 4
6 0
2 6
2 5
0 5
6 5
3 0
4 0
1 6
1 5
0 6
6 3
5 4
0 2
1 3
2 6
0 5
5 2
6 1
5 6
1 2
3 0
3 6
1 2
5 0
3 6
5 0
4 1
4 2
1 0
0 4
4 0
5 2
6 4
3 6
1 3
1 4
0 4
4 5
0 5
1 6
6 4
1 5
3 5
4 5
2 6
1 4
10
0 88 8 67 7 66 3 64 1 90 
88 0 6 7 1 13 10 86 6 10 
8 6 0 6 82 5 72 3 44 1 
67 7 6 0 75 6 99 9 8 4 
7 1 82 75 0 67 7 63 3 33 
66 13 5 6 67 0 4 11 10 67 
3 10 72 99 7 4 0 5 56 10 
64 86 3 9 63 11 5 0 58 1 
1 6 44 8 3 10 56 58 0 53 
90 10 1 4 33 67 10 1 53 0 
41
9 8
5 7
5 7
9 3
9 8
7 1
1 7
4 7
8 4
9 4
5 7
4 7
1 9
9 3
7 5
0 5
0 6
6 3
5 8
8 2
7 2
6 5
2 8
5 0
7 6
8 0
1 8
6 7
9 5
1 7
1 2
4 8
4 6
3 6
0 5
5 6
3 6
1 7
5 1
0 7
6 7
7
0 10 82 4 17 4 76 
10 0 3 26 10 35 2 
82 3 0 26 8 83 10 
4 26 26 0 98 4 31 
17 10 8 98 0 1 63 
4 35 83 4 1 0 8 
76 2 10 31 63 8 0 
21
3 0
6 3
1 5
2 4
1 2
1 5
4 0
2 1
5 2
4 3
4 5
0 4
6 2
0 4
5 3
4 3
5 6
4 3
0 6
2 4
5 4
9
0 37 4 84 10 83 5 62 4 
37 0 43 8 84 2 3 6 49 
4 43 0 3 19 2 70 10 7 
84 8 3 0 2 15 4 1 6 
10 84 19 2 0 81 4 90 10 
83 2 2 15 81 0 22 4 31 
5 3 70 4 4 22 0 6 65 
62 6 10 1 90 4 6 0 8 
4 49 7 6 10 31 65 8 0 
74
4 0
7 1
0 7
8 5
0 4
6 4
7 4
0 4
1 2
7 6
0 1
3 1
7 0
5 3
5 1
2 7
7 8
7 6
2 7
3 0
6 7
2 3
0 4
0 4
3 7
8 5
4 1
4 3
1 4
7 5
1 4
2 7
2 1
0 4
3 6
2 1
0 4
3 5
0 5
3 8
2 4
2 8
0 6
4 7
0 5
0 4
0 6
2 7
2 1
8 7
8 0
2 4
7 5
6 4
1 3
1 5
3 2
3 6
7 3
0 7
5 4
2 4
0 5
4 6
3 2
0 3
4 0
3 7
1 8
0 6
5 4
4 5
7 2
4 0
8
0 24 3 28 7 23 8 74 
24 0 2 89 3 71 9 41 
3 2 0 10 4 1 92 10 
28 89 10 0 6 8 29 10 
7 3 4 6 0 62 8 39 
23 71 1 8 62 0 5 51 
8 9 92 29 8 5 0 9 
74 41 10 10 39 51 9 0 
69
0 7
5 2
5 3
3 0
4 7
2 6
3 6
7 4
6 3
1 4
7 0
2 5
1 4
4 0
1 6
3 0
2 7
7 0
0 4
3 0
4 6
5 1
3 5
2 7
1 5
6 0
6 5
5 3
6 2
1 7
5 1
4 7
7 5
5 7
5 0
1 6
5 6
1 3
4 3
2 4
0 4
7 4
3 4
2 4
2 5
6 0
1 0
1 6
5 0
6 1
0 6
6 1
7 0
6 7
0 1
4 6
1 0
1 6
3 7
3 1
6 7
1 0
5 3
1 6
1 3
2 3
6 4
1 7
2 4
8
0 70 8 2 6 39 6 15 
70 0 9 95 10 45 10 15 
8 9 0 6 6 10 26 4 
2 95 6 0 12 8 36 1 
6 10 6 12 0 100 2 72 
39 45 10 8 100 0 2 76 
6 10 26 36 2 2 0 2 
15 15 4 1 72 76 2 0 
41
7 2
0 5
4 7
1 2
4 7
4 3
5 1
5 4
3 4
5 0
0 2
2 6
2 7
0 3
0 1
1 0
5 3
6 0
0 3
2 1
1 4
0 1
4 7
1 7
0 3
1 5
5 2
4 5
4 1
4 1
2 6
2 7
4 0
5 2
0 1
1 3
6 3
2 7
4 5
7 0
5 6
9
0 81 4 96 2 39 1 87 4 
81 0 47 10 87 9 10 9 9 
4 47 0 1 23 8 61 10 48 
96 10 1 0 8 26 3 85 8 
2 87 23 8 0 12 8 95 4 
39 9 8 26 12 0 13 2 63 
1 10 61 3 8 13 0 2 67 
87 9 10 85 95 2 2 0 4 
4 9 48 8 4 63 67 4 0 
11
7 0
5 3
2 6
5 1
2 8
3 2
1 4
5 8
4 0
7 1
6 7
4
0 72 6 80 
72 0 2 19 
6 2 0 3 
80 19 3 0 
77
2 3
2 0
3 0
0 1
2 0
1 0
2 0
1 0
3 1
1 3
0 2
1 0
1 2
3 0
2 0
0 1
3 1
0 2
0 2
2 1
1 0
0 1
3 0
1 3
0 2
2 3
1 3
3 0
0 1
2 3
3 0
1 2
2 3
3 0
2 0
0 3
1 0
2 3
3 1
3 2
1 0
0 1
1 0
3 1
3 2
0 1
0 1
2 3
3 1
0 3
2 3
3 0
0 1
0 1
1 2
0 1
1 3
2 3
0 3
0 3
0 2
3 2
3 1
3 1
0 1
2 0
0 2
3 2
1 0
2 3
1 2
0 3
0 1
3 1
1 2
2 3
3 0
3
0 13 3 
13 0 47 
3 47 0 
89
1 0
1 2
2 1
2 0
1 2
2 1
0 1
1 0
1 2
2 1
0 1
0 2
0 1
0 2
1 0
0 1
0 2
1 2
2 0
2 1
1 0
1 2
0 2
2 0
0 2
1 0
2 1
1 2
2 1
2 1
1 0
1 0
1 2
1 0
0 2
0 1
2 0
2 1
2 1
1 2
0 1
0 1
1 2
1 0
1 0
0 2
2 1
1 2
0 2
2 0
1 0
2 1
0 2
0 2
1 2
2 0
0 2
0 2
0 1
1 2
0 1
0 2
0 1
1 2
2 0
2 0
0 1
0 1
1 0
0 2
0 1
1 2
1 0
1 2
2 1
2 1
0 1
1 0
0 2
0 1
0 2
2 1
1 2
0 2
1 0
0 1
1 2
2 0
2 1
5
0 1 51 2 86 
1 0 4 43 2 
51 4 0 43 10 
2 43 43 0 1 
86 2 10 1 0 
91
1 2
1 2
2 3
1 3
0 1
1 2
4 1
4 0
2 3
0 4
0 4
1 3
4 2
3 2
3 0
0 3
4 0
0 4
2 1
2 0
3 1
2 3
4 1
1 3
3 2
2 3
1 2
0 3
1 0
4 0
2 3
3 4
0 2
2 0
4 0
2 1
2 3
4 2
2 3
0 3
4 1
0 2
4 1
3 1
3 4
0 3
3 2
2 0
4 1
0 4
2 0
2 4
3 2
4 1
1 0
2 3
1 2
0 1
2 4
1 0
2 0
1 3
2 0
2 4
1 2
2 3
0 2
2 1
0 4
1 0
3 2
1 2
1 0
4 1
4 2
1 2
4 3
3 0
1 2
2 3
1 3
4 3
2 1
3 2
1 4
4 0
1 2
3 2
1 0
2 0
0 2
8
0 10 49 10 44 3 45 7 
10 0 6 8 30 8 6 9 
49 6 0 24 8 98 3 45 
10 8 24 0 3 52 1 95 
44 30 8 3 0 7 56 10 
3 8 98 52 7 0 68 6 
45 6 3 1 56 68 0 94 
7 9 45 95 10 6 94 0 
12
4 0
4 7
3 7
3 2
3 6
4 0
2 0
4 3
7 6
2 7
7 0
3 2
2
0 5 
5 0 
58
1 0
1 0
1 0
1 0
0 1
1 0
1 0
1 0
1 0
1 0
1 0
0 1
0 1
0 1
0 1
0 1
1 0
1 0
0 1
0 1
0 1
0 1
0 1
0 1
1 0
0 1
0 1
1 0
1 0
0 1
0 1
0 1
0 1
1 0
1 0
0 1
0 1
1 0
1 0
0 1
1 0
1 0
1 0
0 1
0 1
1 0
1 0
0 1
1 0
1 0
0 1
0 1
1 0
0 1
1 0
1 0
0 1
0 1
10
0 88 7 93 8 82 8 68 3 38 
88 0 1 80 2 3 5 86 9 82 
7 1 0 9 82 5 57 2 43 6 
93 80 9 0 86 2 73 5 43 5 
8 2 82 86 0 89 1 66 10 79 
82 3 5 2 89 0 2 30 5 98 
8 5 57 73 1 2 0 4 8 4 
68 86 2 5 66 30 4 0 52 2 
3 9 43 43 10 5 8 52 0 59 
38 82 6 5 79 98 4 2 59 0 
53
1 4
9 0
9 1
9 6
9 0
6 1
6 2
0 9
8 0
4 5
4 7
0 5
5 6
2 5
1 3
2 6
2 4
2 1
1 8
1 0
1 4
0 1
3 1
8 1
2 5
5 0
8 6
5 4
9 4
4 6
4 5
3 6
1 2
3 1
7 5
7 9
1 3
0 9
3 1
9 4
8 1
4 8
4 5
7 0
6 2
0 7
6 2
0 5
7 4
4 3
8 4
8 6
2 8
10
0 6 74 1 3 3 96 7 49 4 
6 0 100 9 2 8 11 9 50 9 
74 100 0 88 3 43 8 50 8 15 
1 9 88 0 5 88 5 48 7 14 
3 2 3 5 0 5 90 2 63 3 
3 8 43 88 5 0 32 4 85 9 
96 11 8 5 90 32 0 66 4 12 
7 9 50 48 2 4 66 0 6 45 
49 50 8 7 63 85 4 6 0 8 
4 9 15 14 3 9 12 45 8 0 
35
6 2
7 1
9 1
5 8
4 2
1 4
5 3
5 3
8 4
3 9
2 1
9 8
8 5
5 0
6 4
6 4
1 9
6 0
7 6
2 9
9 3
5 6
0 5
3 7
8 6
8 6
9 0
3 2
8 3
9 3
0 5
1 0
7 1
3 1
6 4
6
0 97 1 22 4 17 
97 0 1 16 1 43 
1 1 0 3 58 8 
22 16 3 0 15 5 
4 1 58 15 0 71 
17 43 8 5 71 0 
62
4 5
4 5
1 3
5 1
1 0
5 1
3 1
5 2
5 0
2 0
5 3
2 5
2 3
5 1
2 5
4 2
4 1
2 5
0 2
0 4
5 1
3 5
1 4
0 3
2 4
5 1
5 3
1 5
2 3
4 0
1 0
5 3
1 5
3 1
5 2
3 0
1 2
1 3
3 1
3 4
2 0
0 4
2 4
3 1
1 3
2 0
0 5
2 4
2 0
3 1
0 5
1 5
1 4
1 2
4 3
0 5
1 2
3 5
0 1
5 2
4 5
2 4
9
0 8 56 7 87 9 26 6 29 
8 0 9 55 1 16 7 43 5 
56 9 0 5 9 35 6 6 8 
7 55 5 0 27 10 41 8 55 
87 1 9 27 0 5 7 1 77 
9 16 35 10 5 0 3 29 9 
26 7 6 41 7 3 0 25 9 
6 43 6 8 1 29 25 0 1 
29 5 8 55 77 9 9 1 0 
78
0 3
8 7
1 5
6 4
7 3
7 4
3 4
6 7
5 0
6 1
4 3
1 4
4 7
7 2
8 3
5 4
7 6
1 6
8 6
4 7
8 1
1 6
4 8
0 5
5 2
2 8
0 6
1 4
6 7
3 7
4 7
8 1
0 2
5 8
1 2
1 3
3 8
6 7
6 4
5 3
0 4
2 5
7 6
6 7
2 3
4 6
0 5
5 7
4 5
8 0
0 7
7 2
3 5
7 3
3 2
2 1
2 4
2 0
6 5
7 0
2 4
1 4
0 4
2 6
4 2
5 6
8 4
7 4
2 5
6 2
8 7
5 0
4 7
7 5
4 1
0 4
0 3
7 8
4
0 2 5 4 
2 0 24 5 
5 24 0 60 
4 5 60 0 
48
0 2
1 2
0 3
2 3
0 3
1 2
1 3
2 3
1 3
3 1
0 1
2 0
1 0
0 3
1 3
0 2
0 1
1 3
1 3
2 3
0 2
1 2
0 1
3 2
3 0
0 3
1 3
2 0
1 2
1 2
1 0
3 0
1 0
0 1
3 0
2 3
0 3
0 3
3 1
1 0
1 3
0 2
2 1
0 2
3 0
2 0
1 3
1 2
5
0 9 39 1 81 
9 0 2 82 9 
39 2 0 2 6 
1 82 2 0 82 
81 9 6 82 0 
48
0 2
0 4
2 0
2 0
4 3
2 0
3 4
1 4
3 0
0 1
1 3
1 4
0 1
2 4
1 0
3 2
4 1
2 3
1 3
0 4
0 4
3 2
4 3
0 4
2 1
0 1
1 2
2 1
1 2
4 3
4 3
2 4
1 4
0 3
1 2
1 0
2 4
1 4
4 1
4 1
0 4
1 4
4 1
1 4
2 0
0 2
4 3
1 3
8
0 3 88 1 58 6 93 6 
3 0 27 7 66 6 35 6 
88 27 0 35 6 63 3 85 
1 7 35 0 6 15 2 53 
58 66 6 6 0 6 37 5 
6 6 63 15 6 0 7 4 
93 35 3 2 37 7 0 58 
6 6 85 53 5 4 58 0 
35
5 7
0 4
6 3
3 5
5 6
2 6
4 3
3 0
4 7
3 1
2 1
0 4
5 3
2 7
1 0
3 2
4 6
3 7
3 6
4 0
0 1
4 0
4 6
6 5
6 0
5 2
5 1
2 4
5 0
3 1
4 6
5 4
1 2
7 6
1 5
9
0 3 99 3 59 7 85 3 92 
3 0 10 2 7 58 1 22 5 
99 10 0 57 4 4 10 58 4 
3 2 57 0 90 9 70 9 73 
59 7 4 90 0 8 80 3 61 
7 58 4 9 8 0 5 30 9 
85 1 10 70 80 5 0 29 7 
3 22 58 9 3 30 29 0 74 
92 5 4 73 61 9 7 74 0 
45
7 4
6 8
5 2
1 8
6 4
3 0
2 7
1 2
5 0
0 8
0 2
3 1
8 7
6 0
1 5
8 6
7 1
5 4
1 8
0 4
0 2
0 1
8 1
2 8
0 6
2 8
1 2
1 6
0 5
4 5
3 7
2 6
0 8
0 6
7 8
8 3
6 2
8 3
3 6
8 5
0 5
7 5
5 1
6 5
8 1
9
0 9 56 6 89 10 13 1 17 
9 0 10 36 8 52 8 87 10 
56 10 0 82 9 80 3 88 2 
6 36 82 0 76 8 80 1 96 
89 8 9 76 0 5 88 5 23 
10 52 80 8 5 0 7 4 8 
13 8 3 80 88 7 0 52 1 
1 87 88 1 5 4 52 0 35 
17 10 2 96 23 8 1 35 0 
64
2 8
6 4
8 1
2 6
8 6
6 2
5 4
2 5
0 4
3 1
3 6
8 0
1 4
1 6
5 6
4 8
7 4
8 0
0 3
0 8
1 3
0 3
4 1
5 0
5 1
3 8
7 4
1 4
4 2
3 0
8 1
8 6
7 3
3 0
5 8
7 8
5 2
5 4
0 5
2 5
6 1
5 2
6 4
4 5
6 3
6 8
2 5
4 3
6 4
0 8
2 4
2 3
5 2
5 0
7 1
8 6
5 7
3 6
2 3
7 3
3 2
5 2
8 2
7 6
9
0 8 19 8 3 6 60 10 89 
8 0 2 10 5 3 4 24 3 
19 2 0 42 9 75 1 70 9 
8 10 42 0 85 10 3 4 4 
3 5 9 85 0 9 100 6 3 
6 3 75 10 9 0 4 50 5 
60 4 1 3 100 4 0 84 4 
10 24 70 4 6 50 84 0 69 
89 3 9 4 3 5 4 69 0 
60
6 1
6 2
3 8
6 1
3 5
2 0
5 4
2 7
2 3
8 0
8 3
2 0
6 1
6 5
6 7
7 1
8 2
3 5
6 1
4 5
5 8
1 0
5 0
4 1
6 0
1 3
4 1
0 6
5 8
7 1
0 5
5 4
0 6
1 0
5 2
3 6
7 0
8 0
4 2
2 1
5 2
0 2
4 6
4 6
7 4
2 5
6 5
8 1
7 4
2 6
2 8
4 8
5 1
8 5
0 4
0 6
6 3
4 6
1 8
5 4
5
0 6 15 7 42 
6 0 9 91 6 
15 9 0 68 10 
7 91 68 0 85 
42 6 10 85 0 
45
3 2
3 1
3 1
2 4
0 4
3 1
2 3
1 4
3 2
4 2
4 2
0 4
3 4
4 0
4 0
4 3
1 3
4 1
1 3
2 0
3 0
3 4
1 3
0 2
3 2
4 3
1 2
2 0
3 0
2 3
4 3
1 0
3 2
1 0
4 2
1 4
3 2
0 1
0 3
1 2
2 0
0 1
4 0
3 4
0 4
7
0 10 93 9 23 1 16 
10 0 7 78 2 52 2 
93 7 0 29 7 42 9 
9 78 29 0 47 8 90 
23 2 7 47 0 1 61 
1 52 42 8 1 0 7 
16 2 9 90 61 7 0 
38
4 1
3 6
4 6
5 2
2 5
1 5
1 5
2 1
2 5
0 6
5 4
0 4
5 6
2 1
6 2
2 0
0 2
6 4
1 6
3 5
5 6
6 3
1 5
3 5
3 4
2 3
3 0
6 2
3 6
4 1
1 6
1 2
6 0
1 3
0 4
4 6
5 6
4 0
4
0 36 8 79 
36 0 2 60 
8 2 0 9 
79 60 9 0 
44
2 1
1 0
3 2
3 1
0 2
3 2
0 3
0 1
1 3
3 2
2 0
1 0
0 3
1 2
0 2
0 2
2 3
3 0
2 3
0 2
3 2
0 3
0 3
3 1
3 1
3 2
2 1
1 2
0 3
2 0
2 0
3 2
0 2
3 1
2 1
0 1
2 3
1 3
0 2
0 2
0 2
1 3
3 1
2 1
6
0 96 1 1 5 46 
96 0 6 26 4 9 
1 6 0 9 24 5 
1 26 9 0 54 7 
5 4 24 54 0 34 
46 9 5 7 34 0 
91
5 2
3 5
3 2
5 4
1 0
2 0
3 0
1 2
5 3
4 2
5 1
1 5
2 4
3 1
2 4
3 5
3 2
2 1
0 4
4 5
1 3
5 4
3 2
4 5
5 3
5 2
4 1
3 1
3 1
4 3
5 2
0 5
3 0
4 1
0 3
4 3
3 4
4 5
2 5
1 4
1 2
1 4
4 1
5 0
5 0
3 4
5 1
0 5
1 0
0 2
2 5
4 1
2 1
1 5
1 3
1 2
4 1
3 4
0 3
5 3
2 4
5 4
2 3
1 5
1 4
4 5
1 3
0 1
5 0
5 0
1 2
2 4
1 0
1 0
2 5
1 2
3 4
1 5
3 1
0 2
3 5
4 2
4 2
5 2
4 3
1 4
4 5
4 3
2 0
2 4
5 2
6
0 1 43 8 50 8 
1 0 71 9 35 3 
43 71 0 36 9 74 
8 9 36 0 6 1 
50 35 9 6 0 5 
8 3 74 1 5 0 
66
2 4
0 5
0 5
3 0
3 1
3 2
3 0
5 4
3 2
3 4
5 0
5 4
0 3
3 0
1 2
1 2
5 0
4 2
0 5
1 5
3 5
5 0
4 0
5 3
1 5
0 4
4 5
4 1
3 0
1 5
0 5
1 3
0 5
4 5
0 2
2 0
0 3
2 5
2 3
4 2
5 0
0 4
1 3
5 3
1 3
1 3
1 0
1 2
5 0
0 4
4 2
1 2
3 0
5 2
4 2
4 1
1 3
3 4
0 4
1 4
3 1
5 3
0 1
3 2
1 2
0 2
3
0 45 8 
45 0 89 
8 89 0 
32
0 1
2 0
1 2
0 2
2 1
1 2
0 2
2 0
0 1
2 1
2 0
0 1
2 0
2 1
2 0
2 0
0 2
2 1
2 1
2 1
1 2
0 1
1 2
1 2
1 2
1 2
2 0
0 1
1 0
0 2
1 0
0 1
3
0 9 56 
9 0 10 
56 10 0 
23
1 2
2 1
1 0
1 0
2 1
0 1
0 1
1 2
2 1
1 0
2 1
1 0
1 0
1 2
2 1
1 2
1 0
1 2
1 2
0 2
0 1
2 1
1 2
8
0 88 7 62 2 93 6 99 
88 0 8 100 9 30 3 35 
7 8 0 7 85 8 55 4 
62 100 7 0 74 9 21 4 
2 9 85 74 0 81 5 58 
93 30 8 9 81 0 2 90 
6 3 55 21 5 2 0 1 
99 35 4 4 58 90 1 0 
46
0 1
0 7
0 6
6 5
0 1
5 0
2 7
4 7
7 4
7 0
5 6
4 5
6 0
5 7
7 1
1 2
4 0
3 5
5 3
4 3
5 4
3 2
0 3
5 6
5 1
3 0
7 6
7 6
2 5
4 1
6 2
1 7
2 1
4 5
5 2
7 6
7 6
6 5
4 1
7 4
3 2
3 1
4 1
3 1
7 3
7 1
5
0 73 6 35 3 
73 0 87 3 65 
6 87 0 9 9 
35 3 9 0 6 
3 65 9 6 0 
33
0 2
2 1
3 4
3 2
2 3
1 3
0 1
0 2
2 3
0 2
3 1
2 4
4 0
1 4
3 4
1 3
0 2
0 3
2 3
1 4
2 1
0 3
3 1
3 0
4 0
3 1
0 4
1 3
0 2
4 3
1 3
0 4
3 0
5
0 49 3 12 5 
49 0 61 10 98 
3 61 0 3 24 
12 10 3 0 10 
5 98 24 10 0 
74
2 0
0 3
4 0
3 4
2 4
4 3
0 2
4 2
0 1
3 4
1 2
4 0
4 0
2 4
0 4
1 4
3 1
3 2
2 0
2 4
2 3
2 3
1 2
3 0
2 1
2 4
4 0
3 1
2 1
0 3
0 1
2 4
4 1
3 1
2 0
2 0
4 1
2 1
3 1
0 4
0 1
2 4
4 2
4 3
4 3
1 2
4 1
4 0
1 3
2 4
2 4
1 3
0 1
1 3
2 0
2 4
2 4
4 3
3 2
0 4
1 3
0 3
2 3
4 2
0 4
0 2
0 2
0 1
3 0
1 3
2 3
2 1
3 4
0 3
7
0 22 3 39 10 35 3 
22 0 79 1 36 3 29 
3 79 0 7 79 10 84 
39 1 7 0 6 65 7 
10 36 79 6 0 54 7 
35 3 10 65 54 0 6 
3 29 84 7 7 6 0 
60
0 3
6 3
0 1
0 3
1 5
2 3
2 0
2 6
5 3
3 0
4 6
0 4
3 6
1 0
0 6
2 3
4 2
6 2
0 3
4 3
2 1
0 3
3 4
1 4
5 4
3 1
3 4
3 6
1 6
0 6
0 6
3 5
5 1
3 1
3 1
2 6
5 4
0 2
6 2
2 1
1 0
4 3
2 6
4 1
4 2
1 3
0 4
2 5
3 4
5 1
0 6
3 0
2 6
0 2
6 0
3 4
0 3
1 5
5 4
6 3
6
0 5 59 6 28 8 
5 0 94 7 91 7 
59 94 0 91 3 44 
6 7 91 0 1 67 
28 91 3 1 0 10 
8 7 44 67 10 0 
34
0 5
4 2
2 1
2 3
4 5
3 0
3 5
0 4
2 3
2 1
3 1
0 1
0 5
2 4
2 0
1 4
5 3
2 4
4 0
1 2
3 2
0 3
2 0
5 1
0 3
0 2
2 0
5 2
0 5
4 0
3 1
1 0
5 0
4 5
7
0 49 10 55 6 100 1 
49 0 87 4 40 2 80 
10 87 0 4 54 10 82 
55 4 4 0 9 26 2 
6 40 54 9 0 88 6 
100 2 10 26 88 0 63 
1 80 82 2 6 63 0 
46
5 6
1 3
2 3
5 6
4 6
3 6
6 4
2 5
3 5
1 4
1 2
5 3
3 1
0 5
1 4
3 5
3 1
4 5
6 3
6 1
5 1
1 5
2 3
6 2
6 5
0 5
1 0
1 5
0 4
6 1
6 4
1 4
4 5
2 5
6 3
2 6
3 5
6 1
4 1
5 2
0 1
2 4
1 2
3 1
1 0
1 4
5
0 1 98 1 82 
1 0 3 47 10 
98 3 0 54 3 
1 47 54 0 85 
82 10 3 85 0 
18
4 0
3 0
2 0
2 0
3 1
4 0
4 0
3 4
3 1
2 3
3 2
0 3
2 1
2 3
4 3
4 0
4 2
3 2
8
0 6 52 3 15 3 87 6 
6 0 89 4 42 9 7 3 
52 89 0 38 9 82 10 75 
3 4 38 0 3 31 2 65 
15 42 9 3 0 6 21 8 
3 9 82 31 6 0 25 6 
87 7 10 2 21 25 0 93 
6 3 75 65 8 6 93 0 
55
2 3
0 6
7 4
5 0
2 0
3 6
5 3
3 0
1 0
3 5
5 3
2 5
6 4
1 3
7 5
4 6
4 6
7 0
3 4
6 4
6 1
1 0
0 2
7 4
6 0
4 2
4 7
0 7
2 6
0 2
0 7
4 2
3 6
3 7
4 3
2 4
4 3
3 6
5 6
6 7
0 7
5 6
3 5
4 1
3 4
1 0
6 2
6 2
5 1
5 1
5 0
4 7
0 7
3 1
7 2
3
0 3 44 
3 0 7 
44 7 0 
48
0 1
0 1
0 1
0 2
2 0
2 1
0 2
0 2
2 1
2 0
1 2
0 2
0 1
2 0
0 1
2 1
1 0
0 2
0 1
0 2
0 2
0 1
2 0
0 2
2 1
2 0
2 1
1 2
2 1
1 2
2 1
0 1
1 2
0 2
0 2
1 0
2 0
0 1
1 2
1 0
0 2
0 1
2 1
0 1
1 0
1 0
2 1
1 0
7
0 79 8 100 2 5 2 
79 0 30 8 93 5 21 
8 30 0 9 36 5 88 
100 8 9 0 1 34 7 
2 93 36 1 0 26 6 
5 5 5 34 26 0 65 
2 21 88 7 6 65 0 
49
1 4
0 2
1 0
0 1
5 1
6 1
0 6
1 3
0 3
6 1
5 1
0 1
3 2
1 3
0 2
1 0
3 5
4 0
6 2
6 0
4 6
0 3
1 4
2 6
0 6
0 3
1 2
4 6
0 3
2 0
6 4
5 3
3 4
0 3
3 0
5 1
4 6
2 3
6 4
6 2
5 4
3 0
3 0
6 2
1 0
6 3
4 1
2 1
1 3
2
0 7 
7 0 
29
0 1
0 1
1 0
1 0
1 0
1 0
0 1
1 0
1 0
1 0
1 0
1 0
0 1
0 1
1 0
1 0
1 0
0 1
1 0
0 1
1 0
1 0
1 0
0 1
0 1
0 1
1 0
1 0
0 1
2
0 53 
53 0 
45
1 0
0 1
0 1
0 1
0 1
1 0
0 1
0 1
1 0
1 0
0 1
0 1
1 0
1 0
0 1
1 0
1 0
0 1
0 1
0 1
1 0
1 0
0 1
1 0
0 1
1 0
0 1
1 0
1 0
0 1
1 0
1 0
0 1
1 0
1 0
1 0
1 0
1 0
0 1
1 0
1 0
1 0
0 1
1 0
1 0
8
0 5 35 7 32 4 27 4 
5 0 17 5 19 10 54 8 
35 17 0 84 10 54 3 1 
7 5 84 0 2 26 4 39 
32 19 10 2 0 3 58 5 
4 10 54 26 3 0 26 7 
27 54 3 4 58 26 0 60 
4 8 1 39 5 7 60 0 
68
5 2
2 1
2 3
0 3
3 2
5 4
0 4
2 0
3 2
7 4
1 7
4 0
7 4
0 6
2 4
7 3
0 2
5 7
7 3
5 2
1 3
0 5
0 2
1 2
3 4
3 6
6 0
3 5
4 6
5 1
5 0
2 3
2 5
1 2
2 0
0 7
6 4
6 3
2 4
7 0
1 2
7 1
6 2
7 2
1 6
2 7
6 7
0 3
2 4
4 1
4 3
2 4
4 1
0 6
5 6
6 0
4 2
2 6
2 6
7 5
3 2
2 3
0 3
6 5
4 1
6 4
2 4
5 7
4
0 9 95 4 
9 0 19 5 
95 19 0 60 
4 5 60 0 
92
2 1
0 2
3 0
3 0
3 2
2 3
2 3
0 3
3 1
2 1
3 1
2 3
1 2
0 3
3 0
2 1
3 1
3 2
2 3
3 1
2 0
0 2
3 0
2 3
2 3
2 0
2 3
2 0
0 1
2 3
1 0
1 0
0 1
2 3
3 0
1 0
0 1
1 2
0 2
0 1
1 3
1 2
0 3
1 3
1 2
3 2
2 0
3 2
3 2
1 0
2 1
2 1
2 3
0 2
1 0
3 2
1 3
2 0
2 3
1 2
2 1
2 1
3 2
2 1
1 2
3 1
2 3
1 0
0 3
0 1
2 0
2 0
1 3
1 3
0 2
0 1
1 0
3 1
3 1
2 1
1 2
3 0
3 0
1 2
0 2
1 0
1 0
3 0
1 0
3 2
2 3
0 3
5
0 7 46 10 25 
7 0 4 47 10 
46 4 0 49 5 
10 47 49 0 47 
25 10 5 47 0 
71
3 0
3 4
4 0
3 2
4 2
4 3
3 2
1 0
1 4
3 1
0 2
4 3
3 1
1 4
4 0
3 2
3 2
3 0
2 4
2 0
3 4
1 4
1 4
3 0
4 3
3 0
1 2
0 2
0 4
2 1
0 3
2 0
0 3
0 3
0 2
4 0
2 1
4 1
1 3
1 4
1 0
0 3
3 0
0 2
3 0
2 1
1 0
4 1
4 2
3 1
3 1
3 0
0 4
0 2
2 0
1 0
0 1
4 0
4 0
2 0
0 1
1 0
1 4
1 4
3 4
3 1
4 2
2 0
2 0
0 4
1 3
6
0 10 92 2 26 8 
10 0 93 6 94 8 
92 93 0 80 2 37 
2 6 80 0 10 15 
26 94 2 10 0 2 
8 8 37 15 2 0 
14
5 3
4 2
3 4
4 3
5 4
3 0
4 5
1 3
3 5
0 4
4 5
3 0
5 0
4 2
10
0 100 4 1 3 64 4 10 7 84 
100 0 10 1 4 91 10 13 5 66 
4 10 0 9 37 10 31 8 79 10 
1 1 9 0 2 9 95 4 92 4 
3 4 37 2 0 60 7 3 10 74 
64 91 10 9 60 0 5 35 1 15 
4 10 31 95 7 5 0 6 31 9 
10 13 8 4 3 35 6 0 55 5 
7 5 79 92 10 1 31 55 0 7 
84 66 10 4 74 15 9 5 7 0 
46
1 2
8 0
3 1
0 1
4 8
5 4
0 8
1 6
7 9
8 5
8 1
3 9
7 2
0 2
5 7
0 1
5 2
9 8
8 5
2 6
7 2
0 1
9 3
9 6
7 6
7 2
5 8
6 0
1 4
5 6
5 3
6 2
5 3
0 6
0 8
5 0
7 2
7 1
4 6
5 9
7 5
0 8
1 6
7 8
9 6
2 3
10
0 1 30 3 27 8 88 2 21 6 
1 0 22 8 79 9 78 2 39 1 
30 22 0 10 1 30 4 88 10 9 
3 8 10 0 3 54 8 61 6 81 
27 79 1 3 0 5 92 5 35 3 
8 9 30 54 5 0 73 2 93 7 
88 78 4 8 92 73 0 92 10 78 
2 2 88 61 5 2 92 0 5 11 
21 39 10 6 35 93 10 5 0 6 
6 1 9 81 3 7 78 11 6 0 
20
6 9
8 1
6 3
6 0
1 6
5 9
0 3
6 2
2 0
3 9
4 7
0 3
8 5
6 8
7 3
8 9
8 9
3 9
7 5
0 4
7
0 66 9 99 5 69 10 
66 0 98 3 15 3 33 
9 98 0 5 90 9 43 
99 3 5 0 3 93 4 
5 15 90 3 0 12 7 
69 3 9 93 12 0 26 
10 33 43 4 7 26 0 
27
4 0
2 1
6 2
4 3
1 6
6 3
0 2
1 3
2 3
5 1
4 0
5 0
4 5
6 3
5 2
3 1
1 0
0 1
2 3
0 2
4 0
5 2
0 1
2 1
1 3
6 1
5 2
6
0 7 97 10 73 1 
7 0 37 7 65 8 
97 37 0 26 1 56 
10 7 26 0 6 77 
73 65 1 6 0 2 
1 8 56 77 2 0 
49
2 4
1 2
1 0
5 2
4 5
1 3
0 2
2 4
2 3
4 2
0 5
1 3
3 1
3 0
5 4
1 0
2 5
1 5
5 4
2 3
0 4
5 1
3 1
4 5
0 2
5 4
5 3
1 0
5 3
5 1
4 1
0 4
5 0
2 4
3 5
0 1
1 5
1 3
5 3
1 3
5 0
1 5
4 3
3 1
5 3
1 2
4 0
4 0
2 4
2
0 54 
54 0 
71
0 1
0 1
0 1
0 1
1 0
1 0
0 1
0 1
1 0
0 1
1 0
0 1
0 1
1 0
0 1
1 0
0 1
0 1
0 1
0 1
1 0
1 0
0 1
0 1
1 0
1 0
1 0
1 0
0 1
1 0
0 1
1 0
0 1
1 0
0 1
1 0
1 0
1 0
1 0
0 1
0 1
1 0
0 1
1 0
1 0
1 0
1 0
0 1
1 0
1 0
0 1
1 0
0 1
0 1
0 1
1 0
1 0
1 0
0 1
0 1
1 0
0 1
1 0
0 1
1 0
1 0
0 1
1 0
0 1
1 0
1 0
9
0 1 61 10 86 4 3 4 21 
1 0 10 36 8 81 2 16 9 
61 10 0 38 5 62 3 47 1 
10 36 38 0 16 9 99 8 81 
86 8 5 16 0 6 24 3 46 
4 81 62 9 6 0 3 80 10 
3 2 3 99 24 3 0 81 10 
4 16 47 8 3 80 81 0 20 
21 9 1 81 46 10 10 20 0 
44
0 3
2 3
1 6
4 5
1 8
6 5
7 1
7 3
2 8
1 2
8 7
1 6
3 5
2 6
6 0
8 1
1 0
1 6
8 3
5 1
6 0
8 6
1 5
1 8
8 5
3 4
8 1
1 6
4 0
7 8
5 4
6 1
4 7
5 6
2 5
4 2
4 5
2 8
0 7
6 2
2 4
6 2
8 4
0 8
10
0 9 80 3 3 8 55 5 78 2 
9 0 89 9 24 5 60 5 58 8 
80 89 0 88 2 94 9 4 8 99 
3 9 88 0 2 36 2 40 6 7 
3 24 2 2 0 2 47 5 80 1 
8 5 94 36 2 0 75 7 70 5 
55 60 9 2 47 75 0 65 4 2 
5 5 4 40 5 7 65 0 8 84 
78 58 8 6 80 70 4 8 0 7 
2 8 99 7 1 5 2 84 7 0 
61
8 7
5 2
0 8
3 7
4 1
2 6
3 4
9 3
4 6
9 4
9 8
1 8
8 7
8 5
3 7
3 2
9 8
2 8
2 8
0 8
8 5
0 1
1 5
5 1
8 0
5 7
8 7
3 1
3 5
2 9
8 3
1 7
1 8
2 9
7 3
8 6
6 4
1 2
0 9
6 9
2 4
5 9
4 5
5 9
7 9
6 3
2 0
3 4
0 9
8 3
8 5
9 8
8 2
0 7
9 5
4 6
2 8
8 0
0 7
9 1
4 7
