100
20
0 20 633 25 112 23 853 76 82 24 228 55 939 21 764 19 133 7 601 35 
20 0 740 44 513 41 989 91 681 77 687 29 528 53 804 74 976 72 373 27 
633 740 0 674 52 672 42 275 32 678 74 610 8 556 92 761 80 412 38 549 
25 44 674 0 50 833 64 248 32 859 79 19 85 258 23 537 31 111 8 817 
112 513 52 50 0 33 11 9 742 22 367 5 422 15 522 49 974 70 618 88 
23 41 672 833 33 0 215 52 954 80 252 57 467 100 863 68 410 99 319 44 
853 989 42 64 11 215 0 609 13 466 72 253 69 903 61 939 24 32 7 734 
76 91 275 248 9 52 609 0 96 285 80 803 2 455 51 633 56 522 54 176 
82 681 32 32 742 954 13 96 0 60 167 9 145 41 825 80 842 24 110 12 
24 77 678 859 22 80 466 285 60 0 2 18 154 47 875 11 903 39 200 17 
228 687 74 79 367 252 72 80 167 2 0 184 1 473 92 613 4 210 90 939 
55 29 610 19 5 57 253 803 9 18 184 0 28 704 79 616 35 315 75 112 
939 528 8 85 422 467 69 2 145 154 1 28 0 35 660 68 720 95 599 17 
21 53 556 258 15 100 903 455 41 47 473 704 35 0 800 10 786 18 223 40 
764 804 92 23 522 863 61 51 825 875 92 79 660 800 0 136 99 930 86 890 
19 74 761 537 49 68 939 633 80 11 613 616 68 10 136 0 50 951 24 388 
133 976 80 31 974 410 24 56 842 903 4 35 720 786 99 50 0 40 561 2 
7 72 412 111 70 99 32 522 24 39 210 315 95 18 930 951 40 0 487 91 
601 373 38 8 618 319 7 54 110 200 90 75 599 223 86 24 561 487 0 242 
35 27 549 817 88 44 734 176 12 17 939 112 17 40 890 388 2 91 242 0 
12
18 14
9 4
11 4
12 3
7 3
18 15
8 1
16 1
16 10
12 0
9 2
3 10
10
0 99 115 51 422 56 537 13 693 54 
99 0 976 74 136 55 525 23 725 95 
115 976 0 232 57 564 39 897 54 225 
51 74 232 0 85 694 80 838 98 640 
422 136 57 85 0 33 951 79 528 84 
56 55 564 694 33 0 757 6 719 50 
537 525 39 80 951 757 0 699 96 388 
13 23 897 838 79 6 699 0 62 721 
693 725 54 98 528 719 96 62 0 18 
54 95 225 640 84 50 388 721 18 0 
44
3 4
3 4
2 4
3 1
6 5
0 8
9 6
4 5
7 8
8 3
5 9
8 5
1 4
0 5
7 4
6 3
8 9
0 5
7 4
9 7
1 2
5 1
5 0
2 5
8 3
6 7
3 2
9 8
6 8
3 8
8 6
3 2
0 6
0 8
9 3
8 1
3 8
0 4
8 5
7 4
8 6
5 3
1 9
8 3
19
0 399 59 824 10 920 3 248 21 626 27 854 25 308 29 974 81 878 77 
399 0 541 8 305 24 23 86 345 23 895 78 669 68 109 89 173 47 388 
59 541 0 75 483 48 670 26 51 12 268 2 714 87 150 47 296 77 666 
824 8 75 0 78 698 22 846 44 119 92 997 49 618 6 701 50 102 79 
10 305 483 78 0 573 78 49 66 726 15 499 21 108 91 762 7 841 23 
920 24 48 698 573 0 839 34 549 30 943 83 647 56 192 74 402 93 109 
3 23 670 22 78 839 0 86 744 27 224 78 440 58 731 65 20 1 989 
248 86 26 846 49 34 86 0 39 424 61 681 1 864 90 875 85 464 74 
21 345 51 44 66 549 744 39 0 741 60 480 26 594 13 26 73 726 22 
626 23 12 119 726 30 27 424 741 0 530 22 701 13 281 69 488 10 148 
27 895 268 92 15 943 224 61 60 530 0 78 955 41 920 9 22 69 26 
854 78 2 997 499 83 78 681 480 22 78 0 68 519 32 1000 49 420 1 
25 669 714 49 21 647 440 1 26 701 955 68 0 614 86 448 54 812 56 
308 68 87 618 108 56 58 864 594 13 41 519 614 0 290 37 282 30 115 
29 109 150 6 91 192 731 90 13 281 920 32 86 290 0 56 477 31 875 
974 89 47 701 762 74 65 875 26 69 9 1000 448 37 56 0 36 270 66 
81 173 296 50 7 402 20 85 73 488 22 49 54 282 477 36 0 787 25 
878 47 77 102 841 93 1 464 726 10 69 420 812 30 31 270 787 0 639 
77 388 666 79 23 109 989 74 22 148 26 1 56 115 875 66 25 639 0 
95
6 12
10 8
7 4
14 0
2 5
11 14
10 4
12 10
0 13
5 1
3 8
9 1
17 6
12 10
10 14
9 0
2 1
2 7
17 15
15 10
4 15
5 17
18 7
8 1
1 12
10 5
18 16
17 7
6 9
17 12
13 2
12 8
1 13
12 15
2 18
11 1
0 10
0 3
17 1
3 4
8 6
14 12
18 6
10 17
10 6
7 15
1 8
17 13
10 11
8 10
8 3
11 1
0 14
14 8
4 18
8 3
1 15
11 9
9 8
8 10
3 17
15 17
10 7
17 11
13 0
7 14
5 11
10 3
12 11
6 1
1 7
9 16
13 6
3 18
11 13
11 7
3 5
13 4
7 3
8 6
1 10
18 3
2 8
18 7
7 12
6 17
18 1
9 14
13 1
16 7
8 10
2 14
17 14
16 1
2 18
7
0 84 326 17 132 10 136 
84 0 70 491 5 286 99 
326 70 0 551 98 366 76 
17 491 551 0 265 80 200 
132 5 98 265 0 79 304 
10 286 366 80 79 0 42 
136 99 76 200 304 42 0 
41
3 0
4 3
2 1
3 5
2 1
5 4
2 3
6 4
3 0
4 1
3 0
1 3
3 1
6 0
6 3
4 1
6 2
5 3
5 4
6 3
0 1
0 1
3 2
1 0
2 6
4 0
0 6
4 5
6 5
0 2
5 6
0 1
4 1
1 6
2 4
1 3
0 2
4 1
2 5
0 6
3 0
5
0 731 92 666 23 
731 0 212 43 512 
92 212 0 31 769 
666 43 31 0 75 
23 512 769 75 0 
57
4 1
2 0
2 3
2 3
2 3
4 3
2 1
1 3
0 2
0 2
0 1
3 4
4 0
0 2
2 3
1 2
1 4
2 0
3 1
4 3
3 4
2 1
1 4
2 1
0 3
1 4
2 1
2 3
3 0
3 2
3 2
4 0
0 3
0 1
1 4
1 2
0 1
3 0
1 0
2 0
4 1
1 0
0 4
3 0
0 1
4 2
1 2
2 4
4 0
0 2
4 2
0 3
3 1
2 0
2 1
2 4
3 0
13
0 834 23 803 63 857 64 104 57 192 56 547 44 
834 0 670 57 21 34 575 13 550 39 544 9 275 
23 670 0 4 458 1 378 55 973 27 871 44 952 
803 57 4 0 59 742 70 541 63 565 62 433 32 
63 21 458 59 0 440 78 827 26 134 73 107 67 
857 34 1 742 440 0 719 98 208 46 161 46 97 
64 575 378 70 78 719 0 65 172 18 542 74 863 
104 13 55 541 827 98 65 0 46 71 80 359 40 
57 550 973 63 26 208 172 46 0 772 66 521 19 
192 39 27 565 134 46 18 71 772 0 733 98 949 
56 544 871 62 73 161 542 80 66 733 0 55 516 
547 9 44 433 107 46 74 359 521 98 55 0 85 
44 275 952 32 67 97 863 40 19 949 516 85 0 
77
0 6
7 4
8 6
2 3
5 8
3 12
8 7
9 10
1 2
0 5
10 1
1 12
1 7
6 8
5 2
9 10
11 10
1 12
10 11
0 4
10 0
10 2
8 10
7 5
1 2
3 5
10 8
0 2
4 9
11 3
12 1
9 3
7 12
1 9
8 4
0 11
8 7
0 5
7 12
1 6
1 9
5 9
9 3
9 5
12 1
6 11
3 5
8 9
2 1
9 6
2 1
7 5
6 12
2 3
3 8
1 6
9 4
8 10
11 12
3 7
3 0
7 9
11 4
4 1
7 1
8 2
5 3
5 1
10 9
9 6
12 7
6 2
6 3
3 7
0 2
7 10
7 6
2
0 491 
491 0 
27
1 0
1 0
0 1
0 1
0 1
1 0
0 1
1 0
0 1
0 1
1 0
1 0
1 0
0 1
0 1
1 0
1 0
1 0
0 1
1 0
0 1
0 1
1 0
1 0
1 0
0 1
1 0
20
0 52 125 18 483 72 92 34 920 71 743 30 883 35 613 61 981 37 164 95 
52 0 348 60 468 71 623 11 520 5 556 39 302 9 431 75 104 25 558 10 
125 348 0 451 12 383 52 940 28 968 67 565 85 185 13 749 7 274 6 52 
18 60 451 0 3 294 56 883 91 577 28 865 33 982 80 209 7 105 35 692 
483 468 12 3 0 63 777 76 274 3 834 51 727 25 604 66 219 92 126 20 
72 71 383 294 63 0 535 89 672 67 888 35 677 82 932 65 484 31 756 2 
92 623 52 56 777 535 0 54 83 617 57 595 78 768 74 855 71 483 29 139 
34 11 940 883 76 89 54 0 67 503 40 536 78 652 54 283 27 127 25 418 
920 520 28 91 274 672 83 67 0 15 552 25 330 43 14 3 615 71 784 8 
71 5 968 577 3 67 617 503 15 0 117 13 4 76 956 95 986 23 892 91 
743 556 67 28 834 888 57 40 552 117 0 444 90 55 55 239 16 797 19 711 
30 39 565 865 51 35 595 536 25 13 444 0 32 393 47 409 75 298 7 990 
883 302 85 33 727 677 78 78 330 4 90 32 0 53 398 37 600 75 374 58 
35 9 185 982 25 82 768 652 43 76 55 393 53 0 488 73 83 7 587 1 
613 431 13 80 604 932 74 54 14 956 55 47 398 488 0 189 64 59 53 571 
61 75 749 209 66 65 855 283 3 95 239 409 37 73 189 0 74 540 49 881 
981 104 7 7 219 484 71 27 615 986 16 75 600 83 64 74 0 23 737 41 
37 25 274 105 92 31 483 127 71 23 797 298 75 7 59 540 23 0 281 42 
164 558 6 35 126 756 29 25 784 892 19 7 374 587 53 49 737 281 0 966 
95 10 52 692 20 2 139 418 8 91 711 990 58 1 571 881 41 42 966 0 
95
1 9
16 4
17 1
7 14
8 3
17 11
3 1
7 11
16 5
2 12
14 15
11 1
10 6
8 17
18 13
11 10
6 11
11 9
14 12
14 15
4 2
16 10
14 17
8 3
19 3
19 10
19 3
4 1
13 2
19 12
2 13
9 16
9 11
13 18
4 17
1 8
2 13
0 14
8 3
0 15
13 18
19 10
17 19
15 5
6 8
13 8
9 4
11 8
6 13
9 4
17 4
7 11
12 5
15 19
5 1
14 3
10 12
13 11
17 14
16 18
6 10
7 11
6 16
10 2
13 18
7 2
18 13
0 4
10 2
12 8
13 7
8 18
13 10
14 1
7 19
10 2
1 5
17 1
19 6
3 15
10 7
17 15
16 19
12 7
10 18
8 3
11 3
16 1
18 15
16 11
4 6
18 6
17 3
12 18
19 0
9
0 41 381 57 746 57 530 50 512 
41 0 97 155 61 819 96 674 82 
381 97 0 118 94 816 95 766 79 
57 155 118 0 778 63 723 46 435 
746 61 94 778 0 97 407 98 479 
57 819 816 63 97 0 19 912 11 
530 96 95 723 407 19 0 576 89 
50 674 766 46 98 912 576 0 457 
512 82 79 435 479 11 89 457 0 
9
8 6
7 2
0 2
3 0
5 2
2 5
1 6
0 3
1 6
3
0 40 468 
40 0 92 
468 92 0 
7
1 0
0 2
2 0
0 1
0 2
0 1
1 2
20
0 741 71 694 20 889 97 272 19 771 41 770 54 999 74 426 43 20 9 5 
741 0 87 630 32 272 75 873 52 924 61 634 92 597 21 88 81 288 44 254 
71 87 0 65 337 98 300 22 13 62 669 40 920 55 222 73 373 68 578 61 
694 630 65 0 626 18 840 91 36 35 168 85 9 21 914 12 52 6 913 98 
20 32 337 626 0 52 49 945 36 1000 50 788 16 563 34 650 33 392 60 765 
889 272 98 18 52 0 58 171 41 623 85 298 66 932 4 792 58 88 80 160 
97 75 300 840 49 58 0 62 525 72 966 86 897 60 762 23 756 59 551 23 
272 873 22 91 945 171 62 0 424 70 665 13 868 8 297 52 795 94 719 31 
19 52 13 36 36 41 525 424 0 285 32 47 66 20 34 433 6 922 71 820 
771 924 62 35 1000 623 72 70 285 0 60 765 68 39 8 107 80 919 25 926 
41 61 669 168 50 85 966 665 32 60 0 60 849 26 571 47 590 49 872 80 
770 634 40 85 788 298 86 13 47 765 60 0 754 15 754 15 136 86 496 28 
54 92 920 9 16 66 897 868 66 68 849 754 0 360 35 311 54 759 74 690 
999 597 55 21 563 932 60 8 20 39 26 15 360 0 60 553 66 343 23 79 
74 21 222 914 34 4 762 297 34 8 571 754 35 60 0 76 824 49 675 56 
426 88 73 12 650 792 23 52 433 107 47 15 311 553 76 0 723 81 422 13 
43 81 373 52 33 58 756 795 6 80 590 136 54 66 824 723 0 197 3 942 
20 288 68 6 392 88 59 94 922 919 49 86 759 343 49 81 197 0 48 443 
9 44 578 913 60 80 551 719 71 25 872 496 74 23 675 422 3 48 0 90 
5 254 61 98 765 160 23 31 820 926 80 28 690 79 56 13 942 443 90 0 
43
2 9
0 15
1 10
1 13
13 19
7 4
0 19
13 12
11 4
16 3
16 15
19 12
14 10
10 14
5 15
1 2
8 2
18 10
2 9
7 16
8 0
6 11
14 13
6 1
17 19
9 7
11 2
9 4
16 7
18 14
2 4
14 9
10 7
14 5
9 8
17 14
18 5
13 8
8 5
15 12
5 4
0 4
14 12
9
0 520 58 553 99 956 44 886 30 
520 0 928 91 802 43 568 40 112 
58 928 0 22 659 14 969 42 331 
553 91 22 0 54 371 5 518 8 
99 802 659 54 0 284 4 479 24 
956 43 14 371 284 0 808 90 910 
44 568 969 5 4 808 0 43 627 
886 40 42 518 479 90 43 0 39 
30 112 331 8 24 910 627 39 0 
6
6 3
2 8
0 8
1 8
6 0
6 8
17
0 576 36 742 33 616 47 787 53 351 64 945 2 301 45 949 51 
576 0 441 28 736 46 778 37 622 53 998 88 338 52 218 51 289 
36 441 0 4 136 4 424 40 735 16 267 80 603 89 832 85 754 
742 28 4 0 58 562 35 547 24 437 45 963 86 550 3 337 19 
33 736 136 58 0 733 81 605 1 651 35 274 10 467 71 935 88 
616 46 4 562 733 0 448 88 924 75 180 39 252 88 416 67 242 
47 778 424 35 81 448 0 77 726 73 213 51 315 64 143 55 210 
787 37 40 547 605 88 77 0 23 525 45 897 12 208 36 937 18 
53 622 735 24 1 924 726 23 0 283 19 498 9 892 92 618 76 
351 53 16 437 651 75 73 525 283 0 783 69 904 64 274 5 317 
64 998 267 45 35 180 213 45 19 783 0 61 738 79 414 95 520 
945 88 80 963 274 39 51 897 498 69 61 0 34 470 91 20 24 
2 338 603 86 10 252 315 12 9 904 738 34 0 425 38 731 8 
301 52 89 550 467 88 64 208 892 64 79 470 425 0 492 72 345 
45 218 832 3 71 416 143 36 92 274 414 91 38 492 0 82 403 
949 51 85 337 935 67 55 937 618 5 95 20 731 72 82 0 53 
51 289 754 19 88 242 210 18 76 317 520 24 8 345 403 53 0 
34
0 10
10 15
4 9
13 1
4 12
15 4
5 4
7 2
5 2
3 5
14 16
12 11
6 5
12 10
15 12
15 16
2 14
2 6
11 10
14 6
1 6
3 2
10 9
10 3
15 9
8 3
7 6
2 13
9 5
16 4
15 6
16 2
6 3
5 13
3
0 401 89 
401 0 298 
89 298 0 
37
0 1
1 0
2 1
1 2
1 2
1 2
1 0
1 0
2 0
2 0
0 1
0 1
2 1
0 2
0 2
0 1
2 0
0 1
0 1
2 1
1 2
1 2
0 1
1 0
0 1
0 2
1 2
0 2
0 1
1 2
2 1
0 2
1 2
0 2
1 2
2 0
1 0
17
0 81 281 40 710 62 854 14 461 4 228 31 480 11 347 82 617 
81 0 63 812 6 287 15 542 3 232 48 275 62 410 5 253 45 
281 63 0 990 73 846 66 417 76 114 50 46 7 314 42 838 86 
40 812 990 0 829 7 589 48 182 54 308 21 248 100 549 87 900 
710 6 73 829 0 39 734 59 416 57 404 7 841 56 114 60 439 
62 287 846 7 39 0 13 268 49 30 55 221 78 707 75 574 25 
854 15 66 589 734 13 0 183 21 593 13 912 64 712 97 113 29 
14 542 417 48 59 268 183 0 587 43 73 47 630 42 707 55 405 
461 3 76 182 416 49 21 587 0 78 3 70 963 64 318 78 560 
4 232 114 54 57 30 593 43 78 0 90 600 44 343 12 743 61 
228 48 50 308 404 55 13 73 3 90 0 554 45 684 83 192 47 
31 275 46 21 7 221 912 47 70 600 554 0 426 30 324 76 333 
480 62 7 248 841 78 64 630 963 44 45 426 0 98 148 51 75 
11 410 314 100 56 707 712 42 64 343 684 30 98 0 30 665 88 
347 5 42 549 114 75 97 707 318 12 83 324 148 30 0 811 41 
82 253 838 87 60 574 113 55 78 743 192 76 51 665 811 0 647 
617 45 86 900 439 25 29 405 560 61 47 333 75 88 41 647 0 
59
13 10
3 14
9 8
10 2
6 1
12 9
7 0
1 14
7 2
4 15
12 8
5 16
7 14
2 6
4 1
9 6
16 1
10 7
15 16
12 7
11 7
4 8
4 0
8 0
14 9
0 7
7 6
1 2
14 6
13 9
2 3
7 15
12 16
12 5
9 11
12 1
12 3
13 0
6 12
11 5
2 6
11 6
3 13
14 7
12 2
9 13
1 10
5 3
9 6
2 13
8 15
6 4
8 5
14 3
8 9
5 8
15 0
5 2
0 3
13
0 78 257 62 56 4 81 60 226 33 582 40 943 
78 0 15 340 100 900 76 439 38 313 16 957 55 
257 15 0 320 22 496 53 510 73 437 54 499 97 
62 340 320 0 976 68 651 9 164 51 616 15 795 
56 100 22 976 0 29 121 14 713 35 752 25 48 
4 900 496 68 29 0 64 922 33 567 29 762 100 
81 76 53 651 121 64 0 118 41 905 55 941 28 
60 439 510 9 14 922 118 0 727 30 517 83 537 
226 38 73 164 713 33 41 727 0 25 210 22 215 
33 313 437 51 35 567 905 30 25 0 23 546 69 
582 16 54 616 752 29 55 517 210 23 0 581 94 
40 957 499 15 25 762 941 83 22 546 581 0 591 
943 55 97 795 48 100 28 537 215 69 94 591 0 
87
1 3
10 3
8 7
0 2
10 12
5 6
10 5
2 5
4 3
8 0
0 12
5 12
10 6
4 0
7 5
5 11
10 8
12 9
3 2
2 6
4 10
10 0
10 0
2 12
3 10
4 0
4 5
0 8
7 2
1 3
2 8
8 6
0 4
5 6
11 10
8 11
9 11
5 10
11 4
6 11
12 11
4 1
5 3
4 5
11 12
9 8
8 1
3 12
9 1
9 6
5 11
0 6
3 0
6 2
10 7
7 12
2 4
8 0
6 9
8 5
2 12
9 12
7 12
2 8
11 5
6 7
4 2
8 11
3 1
5 12
7 12
8 7
1 9
8 6
4 9
9 4
9 1
0 8
8 5
8 10
5 3
3 7
7 6
1 12
6 12
10 4
10 1
2
0 99 
99 0 
12
0 1
1 0
0 1
0 1
0 1
0 1
0 1
1 0
1 0
1 0
0 1
1 0
6
0 189 48 887 61 15 
189 0 26 825 77 395 
48 26 0 74 327 24 
887 825 74 0 417 72 
61 77 327 417 0 559 
15 395 24 72 559 0 
16
0 3
4 3
3 0
4 3
5 4
2 5
1 3
5 0
1 0
4 1
4 0
1 2
4 3
5 0
1 4
5 0
12
0 45 180 18 104 19 302 48 866 63 674 11 
45 0 327 2 52 32 102 36 2 9 748 66 
180 327 0 386 56 402 78 628 63 891 81 54 
18 2 386 0 53 879 45 226 30 151 30 149 
104 52 56 53 0 76 301 72 723 24 173 65 
19 32 402 879 76 0 458 23 43 19 751 96 
302 102 78 45 301 458 0 315 39 33 98 184 
48 36 628 226 72 23 315 0 4 216 100 328 
866 2 63 30 723 43 39 4 0 96 391 74 
63 9 891 151 24 19 33 216 96 0 578 86 
674 748 81 30 173 751 98 100 391 578 0 404 
11 66 54 149 65 96 184 328 74 86 404 0 
70
2 10
7 6
4 2
10 4
8 5
0 10
6 0
2 4
3 5
2 10
7 5
7 2
10 4
6 0
7 5
9 6
11 7
11 0
9 3
6 11
4 3
0 9
3 0
3 8
10 5
5 11
8 10
0 2
3 4
2 6
11 1
8 1
0 9
1 7
3 5
1 3
2 6
10 2
7 6
9 3
9 0
3 4
11 9
1 2
7 10
7 11
9 1
1 5
4 1
0 1
10 8
7 8
10 8
4 11
6 2
5 11
9 10
7 9
4 6
7 6
2 1
7 10
2 3
6 1
7 2
3 7
0 8
4 2
9 3
7 2
17
0 46 949 43 72 88 756 63 451 55 901 43 150 56 335 90 122 
46 0 4 563 48 489 62 613 16 106 98 595 76 289 12 302 70 
949 4 0 191 45 881 78 401 51 208 97 422 19 720 94 186 74 
43 563 191 0 210 12 452 28 390 87 730 54 502 91 737 73 226 
72 48 45 210 0 38 222 11 497 25 693 3 514 17 942 55 54 
88 489 881 12 38 0 65 508 51 800 54 805 65 377 10 576 54 
756 62 78 452 222 65 0 810 97 771 72 7 23 188 1 52 30 
63 613 401 28 11 508 810 0 617 36 668 55 772 100 275 76 395 
451 16 51 390 497 51 97 617 0 83 993 41 482 69 766 93 137 
55 106 208 87 25 800 771 36 83 0 79 473 70 188 24 145 88 
901 98 97 730 693 54 72 668 993 79 0 908 80 933 45 574 60 
43 595 422 54 3 805 7 55 41 473 908 0 648 19 794 53 531 
150 76 19 502 514 65 23 772 482 70 80 648 0 13 474 45 540 
56 289 720 91 17 377 188 100 69 188 933 19 13 0 33 408 6 
335 12 94 737 942 10 1 275 766 24 45 794 474 33 0 56 28 
90 302 186 73 55 576 52 76 93 145 574 53 45 408 56 0 721 
122 70 74 226 54 54 30 395 137 88 60 531 540 6 28 721 0 
58
4 9
13 1
1 6
1 13
6 9
4 14
13 2
16 9
1 14
4 3
2 7
10 8
0 7
0 12
8 12
13 2
11 6
12 0
4 10
2 5
7 1
5 16
13 5
7 2
2 11
10 6
9 15
7 10
7 6
0 5
12 0
2 10
15 12
4 11
13 12
7 13
3 7
15 12
4 9
3 5
12 3
13 2
14 9
3 12
12 15
9 15
14 0
1 12
1 15
6 1
9 7
12 3
12 2
2 1
6 11
2 16
1 13
8 9
8
0 27 357 82 874 76 692 19 
27 0 557 30 652 38 104 26 
357 557 0 240 88 267 30 450 
82 30 240 0 65 534 87 933 
874 652 88 65 0 17 507 36 
76 38 267 534 17 0 118 89 
692 104 30 87 507 118 0 676 
19 26 450 933 36 89 676 0 
12
7 6
3 6
2 0
2 1
3 7
0 5
5 4
0 1
2 7
4 6
6 1
3 6
19
0 3 391 46 605 41 473 7 19 26 207 22 208 35 167 36 773 64 538 
3 0 90 415 46 770 36 724 40 286 54 105 4 538 6 542 57 117 73 
391 90 0 40 26 808 9 6 90 807 18 647 35 255 19 37 38 899 32 
46 415 40 0 442 25 999 19 591 25 216 67 171 26 209 76 148 9 537 
605 46 26 442 0 43 217 70 906 93 973 84 820 98 923 12 519 52 632 
41 770 808 25 43 0 47 347 21 260 90 975 59 960 20 40 12 742 78 
473 36 9 999 217 47 0 47 63 408 54 905 41 960 16 92 10 362 13 
7 724 6 19 70 347 47 0 535 1 31 67 875 70 71 12 708 34 67 
19 40 90 591 906 21 63 535 0 4 930 68 243 77 990 15 816 74 671 
26 286 807 25 93 260 408 1 4 0 40 114 51 599 2 828 59 464 62 
207 54 18 216 973 90 54 31 930 40 0 143 80 343 43 173 16 363 62 
22 105 647 67 84 975 905 67 68 114 143 0 843 64 944 77 924 3 427 
208 4 35 171 820 59 41 875 243 51 80 843 0 26 119 86 170 8 232 
35 538 255 26 98 960 960 70 77 599 343 64 26 0 78 548 3 577 41 
167 6 19 209 923 20 16 71 990 2 43 944 119 78 0 559 6 41 49 
36 542 37 76 12 40 92 12 15 828 173 77 86 548 559 0 77 66 234 
773 57 38 148 519 12 10 708 816 59 16 924 170 3 6 77 0 53 192 
64 117 899 9 52 742 362 34 74 464 363 3 8 577 41 66 53 0 18 
538 73 32 537 632 78 13 67 671 62 62 427 232 41 49 234 192 18 0 
1
10 7
15
0 926 17 703 29 398 41 565 36 752 84 718 21 525 89 
926 0 693 25 111 6 59 70 850 4 133 16 6 77 383 
17 693 0 72 349 58 97 97 196 54 938 44 236 23 495 
703 25 72 0 39 998 49 4 62 653 46 866 43 944 31 
29 111 349 39 0 606 34 896 46 875 66 258 85 724 16 
398 6 58 998 606 0 808 33 449 50 322 84 892 57 389 
41 59 97 49 34 808 0 19 238 69 782 64 107 4 426 
565 70 97 4 896 33 19 0 8 872 31 176 56 9 51 
36 850 196 62 46 449 238 8 0 940 9 203 48 782 83 
752 4 54 653 875 50 69 872 940 0 51 30 991 2 357 
84 133 938 46 66 322 782 31 9 51 0 64 896 89 247 
718 16 44 866 258 84 64 176 203 30 64 0 29 895 81 
21 6 236 43 85 892 107 56 48 991 896 29 0 414 92 
525 77 23 944 724 57 4 9 782 2 89 895 414 0 143 
89 383 495 31 16 389 426 51 83 357 247 81 92 143 0 
48
1 4
0 6
10 3
11 3
3 2
10 6
9 8
8 7
8 7
1 8
6 10
0 13
2 4
4 6
14 8
13 3
7 10
0 3
5 3
9 0
13 4
7 1
1 13
10 13
1 5
13 11
6 8
9 8
2 5
5 4
5 6
9 12
12 6
5 10
8 13
2 12
2 8
7 5
7 5
8 5
3 14
6 3
6 14
14 0
14 8
9 13
3 1
2 3
9
0 14 755 27 281 55 568 69 914 
14 0 12 690 73 424 57 365 70 
755 12 0 909 47 122 10 886 82 
27 690 909 0 310 79 76 51 50 
281 73 47 310 0 95 233 28 250 
55 424 122 79 95 0 44 97 60 
568 57 10 76 233 44 0 594 50 
69 365 886 51 28 97 594 0 608 
914 70 82 50 250 60 50 608 0 
25
4 3
1 4
2 7
4 2
6 5
0 5
7 1
6 5
3 8
6 0
7 0
4 3
7 0
5 4
4 6
3 1
3 4
8 2
2 4
3 4
3 7
4 8
8 0
8 3
2 0
6
0 94 202 52 980 91 
94 0 303 57 672 78 
202 303 0 683 72 50 
52 57 683 0 22 850 
980 672 72 22 0 11 
91 78 50 850 11 0 
91
2 5
3 4
4 5
0 2
5 3
2 5
5 0
1 4
0 3
3 5
4 1
0 2
3 0
0 3
2 3
5 3
5 4
4 3
3 4
0 3
3 1
2 5
2 3
5 1
3 5
2 0
4 0
5 0
1 2
0 4
4 2
1 2
0 5
4 0
5 4
1 0
4 2
1 3
4 1
1 2
2 1
0 5
2 0
1 4
4 2
4 2
0 5
1 5
2 1
4 3
4 0
0 5
0 3
3 0
0 1
5 2
4 1
2 0
3 0
0 5
2 5
4 1
3 1
2 4
5 0
1 4
4 0
4 5
5 3
2 1
2 5
0 4
0 3
0 4
3 0
0 2
5 4
4 2
5 4
0 5
2 4
3 5
0 2
1 4
2 3
0 4
2 5
5 1
3 0
0 1
0 2
19
0 627 74 388 73 908 39 422 91 84 65 801 75 771 11 835 80 508 46 
627 0 975 98 299 4 351 46 579 38 944 6 946 99 278 81 964 92 582 
74 975 0 14 995 71 609 52 512 15 635 93 585 23 223 35 110 35 109 
388 98 14 0 4 905 1 383 81 300 22 309 76 618 7 396 14 404 92 
73 299 995 4 0 66 63 916 60 133 89 334 56 571 41 870 35 749 84 
908 4 71 905 66 0 948 95 777 42 898 75 761 89 785 69 910 6 357 
39 351 609 1 63 948 0 1 242 87 197 27 923 85 609 17 666 26 23 
422 46 52 383 916 95 1 0 63 424 14 101 66 615 19 974 22 24 41 
91 579 512 81 60 777 242 63 0 304 38 709 61 393 71 299 14 853 42 
84 38 15 300 133 42 87 424 304 0 199 86 872 71 720 20 370 58 860 
65 944 635 22 89 898 197 14 38 199 0 63 916 18 733 36 308 41 404 
801 6 93 309 334 75 27 101 709 86 63 0 11 85 87 28 57 96 2 
75 946 585 76 56 761 923 66 61 872 916 11 0 484 21 444 52 786 60 
771 99 23 618 571 89 85 615 393 71 18 85 484 0 708 15 857 24 544 
11 278 223 7 41 785 609 19 71 720 733 87 21 708 0 74 400 12 327 
835 81 35 396 870 69 17 974 299 20 36 28 444 15 74 0 80 409 57 
80 964 110 14 35 910 666 22 14 370 308 57 52 857 400 80 0 461 35 
508 92 35 404 749 6 26 24 853 58 41 96 786 24 12 409 461 0 411 
46 582 109 92 84 357 23 41 42 860 404 2 60 544 327 57 35 411 0 
4
11 0
5 2
17 5
13 6
18
0 14 499 41 917 45 80 6 967 57 46 92 434 100 193 88 453 30 
14 0 124 100 84 85 536 21 481 10 786 51 111 34 291 73 117 18 
499 124 0 418 1 440 92 448 3 279 5 266 49 576 69 509 58 503 
41 100 418 0 4 617 45 518 50 946 44 472 42 930 44 664 95 358 
917 84 1 4 0 17 13 63 995 98 691 27 520 8 753 40 689 8 
45 85 440 617 17 0 395 5 747 66 868 45 282 62 672 62 639 87 
80 536 92 45 13 395 0 524 42 647 9 810 3 584 97 873 40 209 
6 21 448 518 63 5 524 0 42 77 70 783 33 239 98 373 26 960 
967 481 3 50 995 747 42 42 0 15 723 32 217 73 233 12 155 40 
57 10 279 946 98 66 647 77 15 0 960 41 541 69 292 38 766 67 
46 786 5 44 691 868 9 70 723 960 0 129 26 47 92 86 39 99 
92 51 266 472 27 45 810 783 32 41 129 0 80 313 83 823 26 574 
434 111 49 42 520 282 3 33 217 541 26 80 0 8 357 35 753 31 
100 34 576 930 8 62 584 239 73 69 47 313 8 0 958 55 195 61 
193 291 69 44 753 672 97 98 233 292 92 83 357 958 0 299 48 712 
88 73 509 664 40 62 873 373 12 38 86 823 35 55 299 0 38 508 
453 117 58 95 689 639 40 26 155 766 39 26 753 195 48 38 0 41 
30 18 503 358 8 87 209 960 40 67 99 574 31 61 712 508 41 0 
96
5 17
17 10
8 16
2 14
12 6
5 3
13 16
5 12
3 4
8 0
0 14
3 13
14 5
12 7
15 6
14 2
14 13
12 0
8 11
17 4
11 1
11 4
8 2
14 6
15 14
0 10
0 5
5 17
13 6
12 5
15 14
13 6
8 3
13 8
14 9
0 12
0 9
16 11
2 11
7 9
7 6
17 13
15 6
2 7
6 9
0 8
5 15
15 16
17 9
5 0
5 12
10 7
17 5
6 12
8 2
8 11
10 13
15 10
17 8
3 16
4 14
10 4
12 11
2 0
8 7
17 6
13 10
17 4
17 3
15 7
10 8
15 4
16 2
9 10
12 10
12 7
17 13
10 3
7 15
9 0
6 1
11 0
15 3
11 7
13 10
6 14
1 9
12 15
9 11
3 1
10 0
3 15
12 7
1 8
3 15
14 15
11
0 920 55 274 23 143 25 959 79 619 28 
920 0 693 44 452 54 818 66 976 42 698 
55 693 0 70 617 33 443 25 997 69 440 
274 44 70 0 3 614 14 859 31 882 57 
23 452 617 3 0 513 19 920 92 387 14 
143 54 33 614 513 0 816 95 113 93 384 
25 818 443 14 19 816 0 58 670 90 817 
959 66 25 859 920 95 58 0 31 269 71 
79 976 997 31 92 113 670 31 0 278 94 
619 42 69 882 387 93 90 269 278 0 564 
28 698 440 57 14 384 817 71 94 564 0 
47
7 0
4 7
0 5
6 9
7 9
3 5
3 7
9 8
3 5
9 3
9 10
10 1
4 2
10 4
1 0
4 10
2 1
6 9
1 6
2 7
6 0
5 8
1 5
10 1
1 9
1 2
10 6
5 0
10 5
0 1
10 6
3 10
9 5
8 0
3 5
10 8
5 10
3 7
6 8
0 5
5 4
0 10
1 10
3 10
2 5
8 4
0 3
11
0 44 660 93 874 77 265 93 420 84 220 
44 0 83 981 27 109 17 325 55 111 6 
660 83 0 740 46 169 53 740 31 277 32 
93 981 740 0 481 5 717 8 93 91 222 
874 27 46 481 0 61 576 100 547 26 615 
77 109 169 5 61 0 75 200 5 93 60 
265 17 53 717 576 75 0 581 37 369 1 
93 325 740 8 100 200 581 0 517 83 914 
420 55 31 93 547 5 37 517 0 86 619 
84 111 277 91 26 93 369 83 86 0 25 
220 6 32 222 615 60 1 914 619 25 0 
87
10 7
1 4
2 6
1 3
9 4
7 4
0 5
4 8
6 5
1 5
5 10
9 3
3 7
2 0
2 4
10 0
4 3
10 4
4 6
3 9
8 6
8 5
2 7
7 1
2 4
8 9
9 7
2 3
3 7
10 7
4 5
9 4
3 6
7 3
9 10
1 10
10 4
2 6
5 3
6 7
3 0
1 3
2 8
7 6
10 6
9 8
7 4
3 10
8 0
8 2
9 2
4 1
7 2
9 4
8 1
1 0
9 1
2 7
6 10
1 10
2 0
8 3
0 10
0 10
6 9
6 3
7 3
8 4
3 2
8 5
3 5
3 6
7 5
2 4
9 1
4 8
1 5
1 2
7 9
2 9
3 0
4 10
9 0
1 7
4 6
9 0
8 6
4
0 245 75 347 
245 0 59 605 
75 59 0 42 
347 605 42 0 
24
0 2
2 3
1 2
0 2
1 3
2 0
2 0
0 2
0 2
3 0
1 3
3 1
1 2
3 2
1 2
0 2
1 3
3 1
1 3
0 2
0 2
2 3
3 1
1 2
2
0 806 
806 0 
83
1 0
0 1
1 0
0 1
1 0
1 0
1 0
0 1
1 0
0 1
0 1
1 0
0 1
1 0
1 0
1 0
1 0
0 1
1 0
1 0
0 1
0 1
1 0
1 0
0 1
1 0
1 0
0 1
0 1
0 1
0 1
0 1
0 1
1 0
1 0
1 0
1 0
1 0
1 0
1 0
0 1
1 0
1 0
0 1
1 0
1 0
0 1
1 0
1 0
0 1
0 1
1 0
0 1
0 1
1 0
1 0
0 1
0 1
1 0
1 0
1 0
1 0
1 0
1 0
0 1
1 0
0 1
1 0
0 1
1 0
1 0
0 1
1 0
1 0
1 0
0 1
1 0
0 1
0 1
0 1
1 0
1 0
0 1
14
0 18 427 79 970 35 150 58 255 26 61 65 401 21 
18 0 992 76 562 50 772 2 108 25 31 52 70 53 
427 992 0 60 51 452 61 161 17 303 76 894 27 538 
79 76 60 0 23 431 39 512 25 401 13 838 76 187 
970 562 51 23 0 73 701 18 438 95 480 29 890 75 
35 50 452 431 73 0 920 27 42 70 446 12 113 88 
150 772 61 39 701 920 0 233 22 556 44 822 54 126 
58 2 161 512 18 27 233 0 55 951 81 692 51 480 
255 108 17 25 438 42 22 55 0 4 278 46 763 61 
26 25 303 401 95 70 556 951 4 0 44 62 899 34 
61 31 76 13 480 446 44 81 278 44 0 110 89 886 
65 52 894 838 29 12 822 692 46 62 110 0 6 903 
401 70 27 76 890 113 54 51 763 899 89 6 0 16 
21 53 538 187 75 88 126 480 61 34 886 903 16 0 
78
7 2
7 6
11 9
4 9
5 6
10 7
12 13
11 6
10 7
6 3
10 8
6 3
6 5
10 8
5 4
2 12
9 10
6 4
2 6
12 13
3 6
2 1
1 4
5 7
0 4
4 8
1 8
2 0
1 11
9 6
12 1
3 1
8 2
10 0
8 11
13 9
8 9
5 13
1 3
0 11
13 2
0 3
9 10
7 5
7 1
1 7
10 4
12 3
6 10
7 0
4 3
10 0
0 5
3 5
5 1
8 5
9 6
11 4
0 5
4 8
0 8
2 10
2 12
4 8
2 13
3 5
6 5
4 10
4 12
10 9
2 0
9 7
0 11
3 4
6 4
1 6
2 0
13 0
14
0 49 21 159 88 934 46 487 57 344 43 505 33 545 
49 0 48 932 54 664 2 831 7 299 32 369 11 372 
21 48 0 97 604 90 255 56 947 5 9 63 352 73 
159 932 97 0 389 98 473 72 541 47 265 68 659 60 
88 54 604 389 0 15 71 830 96 608 30 296 46 831 
934 664 90 98 15 0 17 106 52 503 13 583 17 538 
46 2 255 473 71 17 0 20 291 33 103 2 247 12 
487 831 56 72 830 106 20 0 816 23 632 76 842 18 
57 7 947 541 96 52 291 816 0 286 76 759 15 118 
344 299 5 47 608 503 33 23 286 0 30 213 81 250 
43 32 9 265 30 13 103 632 76 30 0 6 607 41 
505 369 63 68 296 583 2 76 759 213 6 0 677 79 
33 11 352 659 46 17 247 842 15 81 607 677 0 261 
545 372 73 60 831 538 12 18 118 250 41 79 261 0 
10
8 13
12 7
4 0
4 5
11 0
9 5
3 11
13 9
2 13
11 12
9
0 78 957 41 278 42 544 31 246 
78 0 68 763 38 887 55 582 3 
957 68 0 70 38 575 31 355 61 
41 763 70 0 555 95 517 40 868 
278 38 38 555 0 61 278 60 463 
42 887 575 95 61 0 21 672 22 
544 55 31 517 278 21 0 208 86 
31 582 355 40 60 672 208 0 39 
246 3 61 868 463 22 86 39 0 
4
8 1
6 2
8 0
7 3
10
0 60 721 33 377 60 274 85 857 70 
60 0 976 64 723 93 390 78 823 5 
721 976 0 222 26 640 66 295 1 998 
33 64 222 0 42 200 11 127 72 91 
377 723 26 42 0 84 780 65 621 85 
60 93 640 200 84 0 337 7 524 29 
274 390 66 11 780 337 0 949 31 948 
85 78 295 127 65 7 949 0 9 927 
857 823 1 72 621 524 31 9 0 71 
70 5 998 91 85 29 948 927 71 0 
92
6 5
4 6
4 9
5 6
1 3
7 4
8 9
6 1
1 9
8 2
8 0
2 1
9 7
7 5
1 4
4 1
7 6
5 9
5 8
7 6
3 7
4 5
5 0
8 5
0 7
3 8
2 5
4 7
4 5
9 2
3 6
5 4
5 6
2 4
1 4
2 6
3 9
9 7
6 9
4 6
3 8
7 5
6 3
3 8
2 8
6 5
4 3
5 1
9 2
9 6
4 1
9 6
6 4
9 0
3 7
4 8
6 5
6 9
9 8
5 3
6 1
0 6
4 9
0 5
4 5
0 2
4 6
7 2
4 0
9 0
0 3
0 2
5 2
0 2
9 8
7 8
3 7
8 9
9 7
6 9
7 5
2 1
5 9
3 5
5 4
4 1
9 6
5 0
3 5
9 0
4 1
1 8
11
0 781 45 861 100 168 74 694 14 42 56 
781 0 923 13 772 20 247 87 30 31 298 
45 923 0 22 555 42 742 68 441 51 338 
861 13 22 0 100 272 63 541 31 572 12 
100 772 555 100 0 123 9 690 92 431 62 
168 20 42 272 123 0 245 27 704 47 438 
74 247 742 63 9 245 0 100 348 5 871 
694 87 68 541 690 27 100 0 1 435 84 
14 30 441 31 92 704 348 1 0 566 22 
42 31 51 572 431 47 5 435 566 0 169 
56 298 338 12 62 438 871 84 22 169 0 
52
7 8
4 8
10 9
3 8
5 1
6 9
2 6
4 3
4 3
9 3
6 8
8 5
2 6
3 10
7 3
8 4
1 10
3 0
2 3
7 3
0 3
10 3
10 9
10 4
3 8
6 0
3 7
4 0
10 9
10 9
2 7
4 10
1 0
2 4
3 9
0 1
1 4
10 0
7 3
9 1
9 0
4 0
1 7
1 5
10 0
2 8
6 2
7 5
0 3
10 0
10 5
2 5
6
0 65 123 19 218 93 
65 0 573 11 869 23 
123 573 0 255 30 334 
19 11 255 0 46 520 
218 869 30 46 0 2 
93 23 334 520 2 0 
4
4 0
4 0
1 3
0 4
6
0 622 3 196 95 211 
622 0 26 176 72 939 
3 26 0 38 813 72 
196 176 38 0 950 83 
95 72 813 950 0 502 
211 939 72 83 502 0 
1
3 4
8
0 9 482 94 218 42 403 21 
9 0 647 84 830 84 356 47 
482 647 0 117 56 512 20 637 
94 84 117 0 50 805 4 215 
218 830 56 50 0 2 20 56 
42 84 512 805 2 0 338 26 
403 356 20 4 20 338 0 83 
21 47 637 215 56 26 83 0 
12
0 3
0 3
5 2
0 2
0 2
4 6
3 2
3 2
4 6
1 5
4 0
5 7
11
0 50 723 86 718 5 66 64 263 18 94 
50 0 26 382 62 437 85 720 22 843 29 
723 26 0 894 68 645 79 187 28 845 25 
86 382 894 0 750 86 82 20 490 55 486 
718 62 68 750 0 58 168 31 15 73 30 
5 437 645 86 58 0 95 937 3 400 83 
66 85 79 82 168 95 0 390 43 585 69 
64 720 187 20 31 937 390 0 880 75 422 
263 22 28 490 15 3 43 880 0 56 806 
18 843 845 55 73 400 585 75 56 0 23 
94 29 25 486 30 83 69 422 806 23 0 
26
4 2
4 6
3 1
2 9
9 0
1 6
8 6
7 2
8 6
5 0
1 0
10 4
10 1
9 0
4 3
3 8
3 5
0 6
2 7
1 5
5 2
8 0
3 6
3 6
6 2
9 4
12
0 74 43 348 40 574 89 626 56 623 86 453 
74 0 68 207 49 541 54 512 40 896 20 479 
43 68 0 65 236 7 272 36 431 15 699 75 
348 207 65 0 824 7 918 12 926 29 569 26 
40 49 236 824 0 197 43 924 51 934 99 770 
574 541 7 7 197 0 22 645 62 124 47 44 
89 54 272 918 43 22 0 38 829 41 328 67 
626 512 36 12 924 645 38 0 276 93 582 87 
56 40 431 926 51 62 829 276 0 961 4 43 
623 896 15 29 934 124 41 93 961 0 95 39 
86 20 699 569 99 47 328 582 4 95 0 100 
453 479 75 26 770 44 67 87 43 39 100 0 
47
6 2
2 11
6 8
1 10
6 3
8 3
1 5
3 11
9 4
10 5
5 2
3 7
3 0
8 4
3 10
8 5
3 7
11 9
4 0
3 0
8 7
11 9
10 3
4 5
7 0
1 5
5 9
11 9
11 0
8 3
7 8
10 4
2 9
4 3
6 11
8 1
11 4
10 7
10 11
9 3
10 6
9 0
6 2
5 11
2 0
9 2
8 9
8
0 149 94 299 83 543 11 876 
149 0 90 617 78 653 42 177 
94 90 0 81 135 2 247 18 
299 617 81 0 34 35 353 86 
83 78 135 34 0 118 97 575 
543 653 2 35 118 0 52 2 
11 42 247 353 97 52 0 87 
876 177 18 86 575 2 87 0 
35
7 2
3 4
4 3
3 4
3 5
0 2
5 6
1 3
4 3
6 7
7 5
5 3
2 1
7 2
6 3
6 5
5 6
5 6
5 1
3 4
0 4
4 0
2 1
1 4
6 4
0 3
5 4
0 4
6 1
1 6
1 3
1 3
7 3
0 1
2 1
14
0 769 85 708 45 989 51 55 13 254 78 734 22 316 
769 0 31 915 22 982 88 156 60 763 69 766 69 4 
85 31 0 87 419 60 692 98 426 66 351 36 691 87 
708 915 87 0 937 38 572 42 298 9 631 11 58 92 
45 22 419 937 0 418 9 86 63 313 34 713 13 302 
989 982 60 38 418 0 93 267 66 172 46 586 19 275 
51 88 692 572 9 93 0 34 621 38 325 58 300 26 
55 156 98 42 86 267 34 0 749 7 763 60 18 28 
13 60 426 298 63 66 621 749 0 782 40 469 6 242 
254 763 66 9 313 172 38 7 782 0 46 544 52 841 
78 69 351 631 34 46 325 763 40 46 0 14 923 49 
734 766 36 11 713 586 58 60 469 544 14 0 689 42 
22 69 691 58 13 19 300 18 6 52 923 689 0 767 
316 4 87 92 302 275 26 28 242 841 49 42 767 0 
59
0 7
0 12
2 0
11 5
2 5
13 10
12 6
7 5
6 3
1 6
1 13
6 1
13 12
9 12
8 6
10 2
2 12
13 4
6 3
11 2
6 7
11 8
11 10
6 9
5 11
5 7
7 12
13 4
6 5
2 13
3 11
10 1
11 10
1 12
12 2
13 0
6 10
13 11
12 1
2 12
1 4
12 5
2 0
4 9
3 11
5 11
1 13
3 1
9 6
5 2
10 2
7 1
9 10
12 9
10 4
7 2
2 3
2 5
10 1
5
0 73 228 61 483 
73 0 23 840 53 
228 23 0 955 98 
61 840 955 0 542 
483 53 98 542 0 
50
2 0
3 0
1 0
3 2
4 0
0 3
2 0
1 0
0 1
4 1
3 0
1 3
4 0
2 0
0 1
2 3
1 3
1 3
2 4
2 1
2 4
1 3
0 4
2 0
2 1
3 4
2 3
2 4
4 3
4 3
0 3
1 3
2 0
3 4
0 1
4 0
2 4
0 3
0 2
3 0
3 4
2 1
0 4
3 4
3 1
1 4
3 0
1 4
1 4
0 4
15
0 38 848 73 105 29 391 22 270 66 11 30 935 52 273 
38 0 20 240 88 974 46 632 51 306 72 139 3 740 3 
848 20 0 488 89 807 30 672 10 288 30 310 94 562 52 
73 240 488 0 604 68 604 38 620 34 841 28 488 53 848 
105 88 89 604 0 26 269 59 76 100 160 63 17 12 864 
29 974 807 68 26 0 30 607 91 700 26 469 36 915 17 
391 46 30 604 269 30 0 158 5 773 53 274 18 740 54 
22 632 672 38 59 607 158 0 940 32 47 41 255 33 609 
270 51 10 620 76 91 5 940 0 28 41 47 364 36 7 
66 306 288 34 100 700 773 32 28 0 15 201 22 885 4 
11 72 30 841 160 26 53 47 41 15 0 461 89 973 87 
30 139 310 28 63 469 274 41 47 201 461 0 378 20 139 
935 3 94 488 17 36 18 255 364 22 89 378 0 18 919 
52 740 562 53 12 915 740 33 36 885 973 20 18 0 90 
273 3 52 848 864 17 54 609 7 4 87 139 919 90 0 
4
9 13
0 9
2 9
3 8
5
0 83 37 894 88 
83 0 476 47 789 
37 476 0 41 919 
894 47 41 0 54 
88 789 919 54 0 
20
0 2
1 0
4 2
3 1
0 1
2 1
2 0
4 0
1 0
2 3
2 1
1 2
2 1
0 3
1 3
3 2
3 4
1 2
4 3
0 3
19
0 990 16 31 5 530 94 270 3 505 1 591 75 524 38 40 93 779 72 
990 0 61 19 365 40 244 46 716 99 468 67 922 58 490 6 518 21 78 
16 61 0 14 630 94 686 78 934 90 169 93 208 25 275 68 150 81 903 
31 19 14 0 93 406 59 9 15 490 11 494 59 97 26 842 49 540 48 
5 365 630 93 0 474 70 620 17 108 21 312 15 590 18 984 89 231 7 
530 40 94 406 474 0 595 26 99 94 228 97 89 28 398 95 230 56 982 
94 244 686 59 70 595 0 62 797 19 914 69 749 35 369 31 907 65 258 
270 46 78 9 620 26 62 0 30 343 68 78 66 3 40 850 13 387 64 
3 716 934 15 17 99 797 30 0 48 89 969 36 700 94 247 28 308 35 
505 99 90 490 108 94 19 343 48 0 943 93 272 87 905 73 164 9 370 
1 468 169 11 21 228 914 68 89 943 0 8 342 44 154 92 365 49 711 
591 67 93 494 312 97 69 78 969 93 8 0 56 760 84 368 64 989 10 
75 922 208 59 15 89 749 66 36 272 342 56 0 866 100 606 34 88 43 
524 58 25 97 590 28 35 3 700 87 44 760 866 0 778 98 815 4 559 
38 490 275 26 18 398 369 40 94 905 154 84 100 778 0 9 437 74 796 
40 6 68 842 984 95 31 850 247 73 92 368 606 98 9 0 20 559 29 
93 518 150 49 89 230 907 13 28 164 365 64 34 815 437 20 0 940 88 
779 21 81 540 231 56 65 387 308 9 49 989 88 4 74 559 940 0 383 
72 78 903 48 7 982 258 64 35 370 711 10 43 559 796 29 88 383 0 
81
14 17
12 5
8 14
9 7
0 3
5 4
13 10
13 12
16 17
1 16
2 12
8 9
16 17
4 1
7 2
12 10
1 6
13 8
9 13
12 0
7 14
5 16
18 17
12 14
1 14
7 8
18 14
1 14
18 9
16 6
5 12
5 8
4 0
13 6
15 3
3 8
13 8
16 0
12 16
14 0
3 17
3 8
10 18
15 16
8 1
12 18
8 13
11 17
6 13
2 11
6 13
9 11
4 3
14 18
7 1
12 5
14 2
2 7
8 17
6 13
15 10
3 2
0 7
9 18
15 2
10 18
4 18
1 8
11 15
9 11
6 12
18 10
7 13
3 13
3 18
18 0
15 0
16 1
10 14
11 10
4 5
16
0 88 158 77 174 22 204 33 720 18 792 63 358 46 248 42 
88 0 364 76 387 18 974 34 175 74 916 14 9 13 306 67 
158 364 0 274 68 191 52 520 79 350 36 385 36 684 46 257 
77 76 274 0 23 549 19 820 20 326 41 124 84 285 98 475 
174 387 68 23 0 50 22 71 108 35 620 33 144 25 345 55 
22 18 191 549 50 0 464 28 203 46 705 61 563 26 647 8 
204 974 52 19 22 464 0 779 61 797 54 871 57 477 60 991 
33 34 520 820 71 28 779 0 68 935 17 783 71 218 83 3 
720 175 79 20 108 203 61 68 0 86 179 29 463 88 735 98 
18 74 350 326 35 46 797 935 86 0 738 13 374 63 846 60 
792 916 36 41 620 705 54 17 179 738 0 307 85 804 79 449 
63 14 385 124 33 61 871 783 29 13 307 0 82 621 55 853 
358 9 36 84 144 563 57 71 463 374 85 82 0 23 721 2 
46 13 684 285 25 26 477 218 88 63 804 621 23 0 625 22 
248 306 46 98 345 647 60 83 735 846 79 55 721 625 0 161 
42 67 257 475 55 8 991 3 98 60 449 853 2 22 161 0 
23
11 12
0 8
14 13
15 14
3 9
7 15
13 5
8 4
0 6
6 8
7 11
10 14
11 14
15 13
15 7
14 9
12 5
0 12
9 13
1 11
6 2
1 13
8 12
9
0 73 71 21 914 62 349 92 711 
73 0 98 690 44 136 44 941 49 
71 98 0 806 16 695 50 92 70 
21 690 806 0 324 53 140 11 710 
914 44 16 324 0 23 189 16 901 
62 136 695 53 23 0 65 854 24 
349 44 50 140 189 65 0 106 58 
92 941 92 11 16 854 106 0 190 
711 49 70 710 901 24 58 190 0 
65
7 6
1 0
6 8
1 7
3 8
1 4
7 1
3 6
3 7
8 7
5 0
1 3
3 0
8 5
3 7
4 3
6 4
5 4
8 0
4 7
8 0
2 0
0 8
5 3
0 3
5 1
4 2
7 1
5 1
5 7
8 2
6 7
4 6
0 6
8 6
1 5
8 2
4 3
4 3
3 4
4 6
0 4
3 5
1 7
7 8
3 8
7 3
5 1
4 1
8 1
4 2
7 3
2 3
0 7
2 7
3 8
1 3
8 2
7 4
4 5
5 8
3 6
3 5
2 5
2 3
8
0 69 434 89 973 9 318 81 
69 0 780 22 220 31 369 27 
434 780 0 113 100 691 59 355 
89 22 113 0 86 415 78 646 
973 220 100 86 0 57 232 65 
9 31 691 415 57 0 424 17 
318 369 59 78 232 424 0 268 
81 27 355 646 65 17 268 0 
61
7 3
1 3
6 3
7 6
4 1
5 7
1 5
3 7
3 5
5 3
3 2
6 1
3 7
4 3
3 7
6 2
5 7
2 5
4 6
6 7
0 3
1 0
6 7
5 0
6 7
2 6
4 0
0 6
6 0
2 3
5 6
0 2
5 2
3 2
6 1
1 7
4 6
0 3
3 1
3 7
4 2
4 6
0 3
3 6
4 2
6 5
6 1
7 3
3 6
5 6
1 2
4 1
2 5
3 1
3 2
4 2
1 5
2 5
1 0
4 3
6 5
12
0 74 115 2 270 68 251 5 706 46 812 69 
74 0 293 88 953 66 520 88 149 32 597 47 
115 293 0 530 15 549 6 376 66 950 63 540 
2 88 530 0 88 688 12 589 28 242 81 590 
270 953 15 88 0 74 470 49 985 75 551 8 
68 66 549 688 74 0 221 16 227 9 265 49 
251 520 6 12 470 221 0 949 89 534 35 330 
5 88 376 589 49 16 949 0 67 346 44 253 
706 149 66 28 985 227 89 67 0 46 918 19 
46 32 950 242 75 9 534 346 46 0 428 9 
812 597 63 81 551 265 35 44 918 428 0 504 
69 47 540 590 8 49 330 253 19 9 504 0 
92
11 2
0 2
0 2
1 6
4 3
9 6
6 11
5 11
0 4
2 7
4 10
5 3
7 0
3 1
7 9
3 11
11 2
4 6
0 10
5 8
4 2
9 6
9 2
2 10
0 6
7 8
8 10
9 8
10 2
11 9
3 7
8 4
6 2
8 10
0 4
8 3
4 9
0 10
10 9
8 11
0 6
7 10
0 5
4 6
9 2
5 8
5 9
8 1
4 10
6 0
9 5
10 4
1 8
2 10
3 10
6 10
1 6
5 4
1 4
4 7
1 9
8 9
0 8
4 1
0 5
0 10
3 0
10 4
8 4
10 9
7 1
2 8
10 2
4 8
2 9
3 11
2 11
7 2
3 8
6 7
8 7
2 9
9 11
7 6
9 4
2 11
3 0
2 11
8 5
11 0
4 7
2 1
10
0 79 781 4 615 75 341 20 644 35 
79 0 242 7 385 69 618 1 21 23 
781 242 0 207 96 616 88 364 88 171 
4 7 207 0 11 252 85 279 29 84 
615 385 96 11 0 2 943 28 137 79 
75 69 616 252 2 0 603 20 311 25 
341 618 88 85 943 603 0 592 23 871 
20 1 364 279 28 20 592 0 5 237 
644 21 88 29 137 311 23 5 0 21 
35 23 171 84 79 25 871 237 21 0 
77
7 2
6 0
6 9
7 5
3 7
8 6
9 0
7 5
7 9
6 8
8 9
4 8
7 6
7 2
6 0
7 3
0 4
3 6
7 0
6 0
0 3
5 9
2 8
4 2
9 3
8 7
6 4
0 9
7 9
9 8
5 0
9 5
5 8
8 3
2 0
5 3
8 5
5 0
4 0
3 9
7 1
0 7
7 0
1 8
9 2
6 7
6 2
6 7
0 2
1 6
1 3
2 5
9 4
3 1
9 4
2 3
0 4
2 6
7 0
5 3
7 8
9 5
1 7
3 6
7 5
4 3
6 7
0 4
0 1
0 3
3 9
0 3
0 2
3 4
4 2
0 4
7 9
8
0 86 92 737 28 298 95 363 
86 0 73 980 12 766 47 999 
92 73 0 16 789 91 729 24 
737 980 16 0 698 51 999 95 
28 12 789 698 0 614 86 731 
298 766 91 51 614 0 80 599 
95 47 729 999 86 80 0 94 
363 999 24 95 731 599 94 0 
81
2 0
3 7
1 7
3 0
1 3
5 4
2 1
3 5
3 6
0 3
4 5
4 7
7 6
0 2
4 5
1 6
6 1
7 6
2 1
6 5
1 5
0 4
5 7
0 6
3 4
5 6
5 1
6 2
4 2
7 3
4 2
3 2
0 4
3 5
0 7
0 1
2 7
6 4
3 4
3 0
2 5
4 3
1 3
2 7
6 4
2 5
1 6
4 3
3 0
2 3
4 3
1 4
5 4
7 1
1 3
4 3
0 3
6 2
3 5
7 1
2 5
7 2
1 2
3 0
5 1
7 3
5 1
2 7
3 1
5 7
7 2
2 1
6 7
3 2
2 0
4 5
1 3
3 7
3 6
3 2
2 4
12
0 314 53 612 4 232 100 75 24 295 29 108 
314 0 11 181 42 63 8 623 89 695 39 44 
53 11 0 45 90 78 425 61 785 99 62 59 
612 181 45 0 87 67 60 16 212 60 286 71 
4 42 90 87 0 336 70 173 44 54 83 787 
232 63 78 67 336 0 96 190 6 627 71 498 
100 8 425 60 70 96 0 75 926 46 492 30 
75 623 61 16 173 190 75 0 817 67 109 42 
24 89 785 212 44 6 926 817 0 47 34 915 
295 695 99 60 54 627 46 67 47 0 52 13 
29 39 62 286 83 71 492 109 34 52 0 61 
108 44 59 71 787 498 30 42 915 13 61 0 
55
3 11
9 2
4 3
8 10
4 8
5 3
4 9
6 9
9 8
9 0
4 11
8 4
8 0
2 8
4 6
2 11
6 3
3 9
4 6
9 8
5 6
11 2
6 1
11 8
7 3
1 0
1 4
5 3
1 2
11 6
3 5
10 2
9 6
3 9
6 3
8 4
7 6
8 10
10 1
0 4
6 3
1 9
10 0
7 10
9 4
10 3
7 4
10 0
0 1
7 0
0 6
5 1
5 10
0 4
7 8
14
0 759 23 549 10 575 46 631 51 86 71 486 86 207 
759 0 67 247 23 200 34 728 84 814 99 647 47 679 
23 67 0 51 528 38 306 91 339 54 126 46 809 69 
549 247 51 0 476 80 602 80 4 51 32 33 58 33 
10 23 528 476 0 761 65 820 94 956 61 569 32 455 
575 200 38 80 761 0 80 796 37 994 11 914 91 857 
46 34 306 602 65 80 0 9 114 50 660 85 910 88 
631 728 91 80 820 796 9 0 830 42 802 89 223 45 
51 84 339 4 94 37 114 830 0 862 35 522 40 192 
86 814 54 51 956 994 50 42 862 0 38 519 10 328 
71 99 126 32 61 11 660 802 35 38 0 84 779 44 
486 647 46 33 569 914 85 89 522 519 84 0 607 48 
86 47 809 58 32 91 910 223 40 10 779 607 0 410 
207 679 69 33 455 857 88 45 192 328 44 48 410 0 
2
8 12
0 8
10
0 91 799 99 130 28 23 73 108 21 
91 0 404 8 936 63 760 93 550 71 
799 404 0 200 75 400 44 400 73 486 
99 8 200 0 58 98 9 488 19 207 
130 936 75 58 0 63 150 69 788 14 
28 63 400 98 63 0 293 84 870 33 
23 760 44 9 150 293 0 694 13 525 
73 93 400 488 69 84 694 0 82 174 
108 550 73 19 788 870 13 82 0 68 
21 71 486 207 14 33 525 174 68 0 
30
9 0
1 6
5 3
1 6
0 2
9 4
7 9
2 6
9 5
3 9
2 0
5 1
6 1
5 4
6 3
6 2
0 6
1 8
3 1
5 9
9 7
7 9
2 8
1 5
9 3
2 5
3 4
0 8
4 5
7 5
8
0 452 73 902 27 399 10 428 
452 0 40 862 50 40 100 321 
73 40 0 92 776 45 807 18 
902 862 92 0 46 17 558 41 
27 50 776 46 0 235 4 96 
399 40 45 17 235 0 97 957 
10 100 807 558 4 97 0 47 
428 321 18 41 96 957 47 0 
13
2 4
3 5
0 6
2 0
4 5
2 5
3 2
4 3
1 7
5 0
2 1
6 5
7 1
3
0 649 72 
649 0 315 
72 315 0 
60
0 2
1 2
0 2
0 2
1 2
0 2
2 1
1 0
2 0
0 2
0 2
0 2
0 1
1 0
2 1
1 0
2 1
0 1
1 0
1 2
0 1
0 1
2 1
0 1
1 0
1 0
1 2
2 1
2 0
2 1
0 2
1 0
0 2
0 2
1 0
1 2
1 2
0 1
1 0
1 0
1 2
2 0
1 0
2 0
2 0
0 2
0 2
1 0
0 1
2 1
2 0
0 1
2 1
2 0
1 0
0 1
0 2
0 1
2 0
2 0
2
0 85 
85 0 
30
0 1
1 0
1 0
0 1
1 0
0 1
0 1
0 1
1 0
1 0
0 1
1 0
1 0
0 1
1 0
1 0
0 1
0 1
1 0
0 1
1 0
1 0
0 1
1 0
0 1
0 1
1 0
1 0
1 0
0 1
4
0 463 35 595 
463 0 92 665 
35 92 0 54 
595 665 54 0 
62
0 2
1 3
0 3
3 1
0 2
1 0
1 0
2 3
0 2
0 2
2 0
2 3
3 0
1 0
2 0
0 2
1 2
3 0
0 1
1 2
3 0
1 2
3 2
1 0
0 1
3 1
2 0
0 1
1 2
0 3
0 3
3 2
2 1
1 2
1 2
0 3
3 2
1 2
2 3
1 0
1 2
2 1
0 3
0 1
0 1
2 3
1 0
1 0
2 3
1 3
0 3
1 2
3 0
3 0
2 3
1 3
0 3
3 2
3 0
3 2
1 2
3 0
7
0 301 94 689 88 495 100 
301 0 854 26 642 47 59 
94 854 0 75 416 68 404 
689 26 75 0 89 470 87 
88 642 416 89 0 902 1 
495 47 68 470 902 0 146 
100 59 404 87 1 146 0 
40
6 2
1 6
2 3
5 4
2 1
5 3
5 3
5 0
3 5
3 0
6 1
6 1
6 1
0 3
1 6
0 1
6 4
0 5
5 4
6 1
5 6
2 1
0 5
2 1
0 2
1 2
4 0
5 3
4 1
5 3
5 0
5 0
1 5
3 6
4 0
6 5
0 5
5 1
0 1
3 4
12
0 53 477 26 217 56 687 13 359 40 987 8 
53 0 408 90 410 40 211 1 37 83 127 26 
